1.127598418705048733e+00 1.164506964536823563e+00 1.154203076406734585e+00 1.013902552890545206e+00 1.022621842405164738e+00 1.069624141184457367e+00 9.555528780771876951e-01 1.073886079608886268e+00 1.069853728411514826e+00 1.041672412410405313e+00
1.166021334409944377e+00 1.164506964536823563e+00 1.154203076406734585e+00 1.018950814306461172e+00 1.022621842405164738e+00 1.069624141184457367e+00 9.555528780771876951e-01 1.094364118954262999e+00 1.069853728411514826e+00 1.041672412410405313e+00
1.166021334409944377e+00 1.164506964536823563e+00 1.154203076406734585e+00 1.023007597482142650e+00 1.022621842405164738e+00 1.069624141184457367e+00 9.555528780771876951e-01 1.094364118954262999e+00 1.069853728411514826e+00 1.041672412410405313e+00
1.166021334409944377e+00 1.164506964536823563e+00 1.159392142748530086e+00 1.054163610972947529e+00 1.022621842405164738e+00 1.070781308984628755e+00 9.578665525828479188e-01 1.094364118954262999e+00 1.069853728411514826e+00 1.041672412410405313e+00
1.181662146626923926e+00 1.164506964536823563e+00 1.159392142748530086e+00 1.054163610972947529e+00 1.022621842405164738e+00 1.070781308984628755e+00 1.000516234809133653e+00 1.094364118954262999e+00 1.079023040124346799e+00 1.041672412410405313e+00
1.181662146626923926e+00 1.164506964536823563e+00 1.164485237941102813e+00 1.054163610972947529e+00 1.024472928795654436e+00 1.108803775386240309e+00 1.014566368995935441e+00 1.099646569835767362e+00 1.079023040124346799e+00 1.041672412410405313e+00
1.181662146626923926e+00 1.164506964536823563e+00 1.164485237941102813e+00 1.064355399639895339e+00 1.032464691295076342e+00 1.120144845513757037e+00 1.014566368995935441e+00 1.099646569835767362e+00 1.082738157221779796e+00 1.041672412410405313e+00
1.181662146626923926e+00 1.164506964536823563e+00 1.164485237941102813e+00 1.064355399639895339e+00 1.032464691295076342e+00 1.120144845513757037e+00 1.036180595219836631e+00 1.099646569835767362e+00 1.085537337129413693e+00 1.041672412410405313e+00
1.181662146626923926e+00 1.164506964536823563e+00 1.164485237941102813e+00 1.064355399639895339e+00 1.032464691295076342e+00 1.137797901889383567e+00 1.036180595219836631e+00 1.099646569835767362e+00 1.087291596756222889e+00 1.041672412410405313e+00
1.183823175966375096e+00 1.171341696101084073e+00 1.164485237941102813e+00 1.064355399639895339e+00 1.032464691295076342e+00 1.137797901889383567e+00 1.036180595219836631e+00 1.099646569835767362e+00 1.087975214960577031e+00 1.041672412410405313e+00
1.183823175966375096e+00 1.171341696101084073e+00 1.165475270507807748e+00 1.064355399639895339e+00 1.032464691295076342e+00 1.137797901889383567e+00 1.058291952019260407e+00 1.100752219955786870e+00 1.087975214960577031e+00 1.041672412410405313e+00
1.183823175966375096e+00 1.171341696101084073e+00 1.165475270507807748e+00 1.104105313679846878e+00 1.032464691295076342e+00 1.146371595020126533e+00 1.067044780893134259e+00 1.100752219955786870e+00 1.087975214960577031e+00 1.041672412410405313e+00
1.183823175966375096e+00 1.171341696101084073e+00 1.165475270507807748e+00 1.104105313679846878e+00 1.032464691295076342e+00 1.153983231332725623e+00 1.082754991891024199e+00 1.100752219955786870e+00 1.087975214960577031e+00 1.041672412410405313e+00
1.183823175966375096e+00 1.172419044555610412e+00 1.165475270507807748e+00 1.104105313679846878e+00 1.032464691295076342e+00 1.153983231332725623e+00 1.082754991891024199e+00 1.100752219955786870e+00 1.087975214960577031e+00 1.041672412410405313e+00
1.183823175966375096e+00 1.172419044555610412e+00 1.165475270507807748e+00 1.104105313679846878e+00 1.050720926518923681e+00 1.154102399715704053e+00 1.103261415291101555e+00 1.101100448917353036e+00 1.091167030359108558e+00 1.041672412410405313e+00
1.183823175966375096e+00 1.176424455575273198e+00 1.165475270507807748e+00 1.104105313679846878e+00 1.050720926518923681e+00 1.154102399715704053e+00 1.110167418305604059e+00 1.101100448917353036e+00 1.097194080210879497e+00 1.041672412410405313e+00
1.183823175966375096e+00 1.176424455575273198e+00 1.165475270507807748e+00 1.104105313679846878e+00 1.050720926518923681e+00 1.154102399715704053e+00 1.110167418305604059e+00 1.101100448917353036e+00 1.097194080210879497e+00 1.041672412410405313e+00
1.183823175966375096e+00 1.183804178769224391e+00 1.165475270507807748e+00 1.104105313679846878e+00 1.050720926518923681e+00 1.154102399715704053e+00 1.120180678846906863e+00 1.102267714507509933e+00 1.097194080210879497e+00 1.041672412410405313e+00
1.183823175966375096e+00 1.183804178769224391e+00 1.165475270507807748e+00 1.111522790138388173e+00 1.050720926518923681e+00 1.154102399715704053e+00 1.120180678846906863e+00 1.102267714507509933e+00 1.104338989090359435e+00 1.041672412410405313e+00
1.194518726623386096e+00 1.186372560664604947e+00 1.165475270507807748e+00 1.123078789477788497e+00 1.050720926518923681e+00 1.154102399715704053e+00 1.120180678846906863e+00 1.118716086012411237e+00 1.104338989090359435e+00 1.051117509988343413e+00
1.194518726623386096e+00 1.186372560664604947e+00 1.165475270507807748e+00 1.123078789477788497e+00 1.050720926518923681e+00 1.154102399715704053e+00 1.120180678846906863e+00 1.130280986075058003e+00 1.104338989090359435e+00 1.051117509988343413e+00
1.194518726623386096e+00 1.186372560664604947e+00 1.165475270507807748e+00 1.123078789477788497e+00 1.050720926518923681e+00 1.154102399715704053e+00 1.120180678846906863e+00 1.130280986075058003e+00 1.104338989090359435e+00 1.058077999480308895e+00
1.194518726623386096e+00 1.186372560664604947e+00 1.165475270507807748e+00 1.123078789477788497e+00 1.050720926518923681e+00 1.155675354282047040e+00 1.120180678846906863e+00 1.138751863317376767e+00 1.104338989090359435e+00 1.058077999480308895e+00
1.194518726623386096e+00 1.186372560664604947e+00 1.165475270507807748e+00 1.123078789477788497e+00 1.050720926518923681e+00 1.155675354282047040e+00 1.120180678846906863e+00 1.145261151801138633e+00 1.104338989090359435e+00 1.088277336213725022e+00
1.194518726623386096e+00 1.186372560664604947e+00 1.165475270507807748e+00 1.123078789477788497e+00 1.053074148112169039e+00 1.155675354282047040e+00 1.152935647617014947e+00 1.145261151801138633e+00 1.104338989090359435e+00 1.091791113168069538e+00
1.194518726623386096e+00 1.186372560664604947e+00 1.172594669058211858e+00 1.123078789477788497e+00 1.053074148112169039e+00 1.155675354282047040e+00 1.155805734479644631e+00 1.145261151801138633e+00 1.104338989090359435e+00 1.091791113168069538e+00
1.194518726623386096e+00 1.186372560664604947e+00 1.172594669058211858e+00 1.141820447359910062e+00 1.060816509687068310e+00 1.155675354282047040e+00 1.155805734479644631e+00 1.145261151801138633e+00 1.104338989090359435e+00 1.091791113168069538e+00
1.194518726623386096e+00 1.186372560664604947e+00 1.172594669058211858e+00 1.141820447359910062e+00 1.060816509687068310e+00 1.155675354282047040e+00 1.155805734479644631e+00 1.145261151801138633e+00 1.111668696854850369e+00 1.091791113168069538e+00
1.194518726623386096e+00 1.186372560664604947e+00 1.172594669058211858e+00 1.141820447359910062e+00 1.064318718948166875e+00 1.155675655875677554e+00 1.155805734479644631e+00 1.156156855797703775e+00 1.111668696854850369e+00 1.131501608305472084e+00
1.194518726623386096e+00 1.186372560664604947e+00 1.188425870721311783e+00 1.141820447359910062e+00 1.085907434027557628e+00 1.155675655875677554e+00 1.158409870970099398e+00 1.156156855797703775e+00 1.111668696854850369e+00 1.131501608305472084e+00
1.194518726623386096e+00 1.186372560664604947e+00 1.188425870721311783e+00 1.141820447359910062e+00 1.085907434027557628e+00 1.160552129001535482e+00 1.158409870970099398e+00 1.156156855797703775e+00 1.111668696854850369e+00 1.131501608305472084e+00
1.194518726623386096e+00 1.186372560664604947e+00 1.188425870721311783e+00 1.141820447359910062e+00 1.085907434027557628e+00 1.160552129001535482e+00 1.158409870970099398e+00 1.156156855797703775e+00 1.111668696854850369e+00 1.131501608305472084e+00
1.194518726623386096e+00 1.186372560664604947e+00 1.188425870721311783e+00 1.141820447359910062e+00 1.085907434027557628e+00 1.162965522629739734e+00 1.158409870970099398e+00 1.156156855797703775e+00 1.111668696854850369e+00 1.131501608305472084e+00
1.194518726623386096e+00 1.186372560664604947e+00 1.188425870721311783e+00 1.141820447359910062e+00 1.085907434027557628e+00 1.162965522629739734e+00 1.158409870970099398e+00 1.157913051982872643e+00 1.111668696854850369e+00 1.131501608305472084e+00
1.194518726623386096e+00 1.186372560664604947e+00 1.188425870721311783e+00 1.141820447359910062e+00 1.085907434027557628e+00 1.166541617482850013e+00 1.158409870970099398e+00 1.157913051982872643e+00 1.111668696854850369e+00 1.131501608305472084e+00
1.194518726623386096e+00 1.186372560664604947e+00 1.188425870721311783e+00 1.141820447359910062e+00 1.085907434027557628e+00 1.166541617482850013e+00 1.158409870970099398e+00 1.157913051982872643e+00 1.111668696854850369e+00 1.131501608305472084e+00
1.194518726623386096e+00 1.186372560664604947e+00 1.188425870721311783e+00 1.141820447359910062e+00 1.085907434027557628e+00 1.166541617482850013e+00 1.158409870970099398e+00 1.177972790309972151e+00 1.111668696854850369e+00 1.131501608305472084e+00
1.194518726623386096e+00 1.186372560664604947e+00 1.188425870721311783e+00 1.141820447359910062e+00 1.085907434027557628e+00 1.166541617482850013e+00 1.158409870970099398e+00 1.177972790309972151e+00 1.111668696854850369e+00 1.131501608305472084e+00
1.194518726623386096e+00 1.186372560664604947e+00 1.188425870721311783e+00 1.173697258725616699e+00 1.085907434027557628e+00 1.166541617482850013e+00 1.158409870970099398e+00 1.177972790309972151e+00 1.111668696854850369e+00 1.131501608305472084e+00
1.194518726623386096e+00 1.186372560664604947e+00 1.188425870721311783e+00 1.173697258725616699e+00 1.085907434027557628e+00 1.166541617482850013e+00 1.158409870970099398e+00 1.177972790309972151e+00 1.111668696854850369e+00 1.131501608305472084e+00
1.194518726623386096e+00 1.186372560664604947e+00 1.188425870721311783e+00 1.175039236393322417e+00 1.085907434027557628e+00 1.166541617482850013e+00 1.158409870970099398e+00 1.177972790309972151e+00 1.111668696854850369e+00 1.131501608305472084e+00
1.194518726623386096e+00 1.186372560664604947e+00 1.188425870721311783e+00 1.175039236393322417e+00 1.085907434027557628e+00 1.169615506117449133e+00 1.182545879798437838e+00 1.177972790309972151e+00 1.111668696854850369e+00 1.131501608305472084e+00
1.194518726623386096e+00 1.186372560664604947e+00 1.188425870721311783e+00 1.177256274522294310e+00 1.085907434027557628e+00 1.169615506117449133e+00 1.182545879798437838e+00 1.177972790309972151e+00 1.111668696854850369e+00 1.131501608305472084e+00
1.194518726623386096e+00 1.186372560664604947e+00 1.188425870721311783e+00 1.177256274522294310e+00 1.085907434027557628e+00 1.169615506117449133e+00 1.182545879798437838e+00 1.177972790309972151e+00 1.111668696854850369e+00 1.131501608305472084e+00
1.194518726623386096e+00 1.186372560664604947e+00 1.188425870721311783e+00 1.177256274522294310e+00 1.085907434027557628e+00 1.169615506117449133e+00 1.182545879798437838e+00 1.177972790309972151e+00 1.111668696854850369e+00 1.131501608305472084e+00
1.194518726623386096e+00 1.186372560664604947e+00 1.188425870721311783e+00 1.177256274522294310e+00 1.085907434027557628e+00 1.169615506117449133e+00 1.182545879798437838e+00 1.177972790309972151e+00 1.111668696854850369e+00 1.131501608305472084e+00
1.194518726623386096e+00 1.186372560664604947e+00 1.188425870721311783e+00 1.177256274522294310e+00 1.085907434027557628e+00 1.169615506117449133e+00 1.182545879798437838e+00 1.177972790309972151e+00 1.111668696854850369e+00 1.131501608305472084e+00
1.194518726623386096e+00 1.186372560664604947e+00 1.188425870721311783e+00 1.177256274522294310e+00 1.085907434027557628e+00 1.169615506117449133e+00 1.182545879798437838e+00 1.177972790309972151e+00 1.111668696854850369e+00 1.131501608305472084e+00
1.194518726623386096e+00 1.186372560664604947e+00 1.188425870721311783e+00 1.177256274522294310e+00 1.085907434027557628e+00 1.172749006821775852e+00 1.182545879798437838e+00 1.177972790309972151e+00 1.111668696854850369e+00 1.131501608305472084e+00
1.194518726623386096e+00 1.186372560664604947e+00 1.188425870721311783e+00 1.183853382883613303e+00 1.090229901210686636e+00 1.172749006821775852e+00 1.182545879798437838e+00 1.177972790309972151e+00 1.111668696854850369e+00 1.131501608305472084e+00
1.194518726623386096e+00 1.199340568739786228e+00 1.188425870721311783e+00 1.183853382883613303e+00 1.090229901210686636e+00 1.172749006821775852e+00 1.182545879798437838e+00 1.177972790309972151e+00 1.111668696854850369e+00 1.131501608305472084e+00
1.194518726623386096e+00 1.199340568739786228e+00 1.188425870721311783e+00 1.183853382883613303e+00 1.090229901210686636e+00 1.173358739310545795e+00 1.182545879798437838e+00 1.177972790309972151e+00 1.111668696854850369e+00 1.131501608305472084e+00
1.194518726623386096e+00 1.199340568739786228e+00 1.188425870721311783e+00 1.188414779242573216e+00 1.090229901210686636e+00 1.173358739310545795e+00 1.182545879798437838e+00 1.177972790309972151e+00 1.111668696854850369e+00 1.131501608305472084e+00
1.194518726623386096e+00 1.199340568739786228e+00 1.188425870721311783e+00 1.188414779242573216e+00 1.090229901210686636e+00 1.173358739310545795e+00 1.182545879798437838e+00 1.177972790309972151e+00 1.111668696854850369e+00 1.131501608305472084e+00
1.194518726623386096e+00 1.199340568739786228e+00 1.188425870721311783e+00 1.188414779242573216e+00 1.090229901210686636e+00 1.173358739310545795e+00 1.182545879798437838e+00 1.177972790309972151e+00 1.111668696854850369e+00 1.145093149071288563e+00
1.194518726623386096e+00 1.199340568739786228e+00 1.188425870721311783e+00 1.188414779242573216e+00 1.090229901210686636e+00 1.173358739310545795e+00 1.182545879798437838e+00 1.187973999072035713e+00 1.111668696854850369e+00 1.145093149071288563e+00
1.194518726623386096e+00 1.199340568739786228e+00 1.188425870721311783e+00 1.188414779242573216e+00 1.090229901210686636e+00 1.173358739310545795e+00 1.182545879798437838e+00 1.187973999072035713e+00 1.111668696854850369e+00 1.145093149071288563e+00
1.194518726623386096e+00 1.199340568739786228e+00 1.188425870721311783e+00 1.188414779242573216e+00 1.090229901210686636e+00 1.207110807420955778e+00 1.182545879798437838e+00 1.187973999072035713e+00 1.111668696854850369e+00 1.156713551846902943e+00
1.194518726623386096e+00 1.199340568739786228e+00 1.196863529181220853e+00 1.188414779242573216e+00 1.090229901210686636e+00 1.207110807420955778e+00 1.182545879798437838e+00 1.187973999072035713e+00 1.111668696854850369e+00 1.156713551846902943e+00
1.194518726623386096e+00 1.199340568739786228e+00 1.196863529181220853e+00 1.188414779242573216e+00 1.090229901210686636e+00 1.207110807420955778e+00 1.182545879798437838e+00 1.187973999072035713e+00 1.112325005898208596e+00 1.156713551846902943e+00
1.194518726623386096e+00 1.199340568739786228e+00 1.196863529181220853e+00 1.188414779242573216e+00 1.093501459021819500e+00 1.207110807420955778e+00 1.182545879798437838e+00 1.187973999072035713e+00 1.112325005898208596e+00 1.165065560161224090e+00
1.194518726623386096e+00 1.199340568739786228e+00 1.196863529181220853e+00 1.188414779242573216e+00 1.093501459021819500e+00 1.207110807420955778e+00 1.182545879798437838e+00 1.187973999072035713e+00 1.112325005898208596e+00 1.165065560161224090e+00
1.194518726623386096e+00 1.199340568739786228e+00 1.196863529181220853e+00 1.188414779242573216e+00 1.093501459021819500e+00 1.207110807420955778e+00 1.182545879798437838e+00 1.187973999072035713e+00 1.112325005898208596e+00 1.165065560161224090e+00
1.194518726623386096e+00 1.199340568739786228e+00 1.196863529181220853e+00 1.188414779242573216e+00 1.116000508192748653e+00 1.207110807420955778e+00 1.182545879798437838e+00 1.187973999072035713e+00 1.112325005898208596e+00 1.165065560161224090e+00
1.194518726623386096e+00 1.199340568739786228e+00 1.196863529181220853e+00 1.188414779242573216e+00 1.116000508192748653e+00 1.207110807420955778e+00 1.182545879798437838e+00 1.210435462357326797e+00 1.112325005898208596e+00 1.165065560161224090e+00
1.194518726623386096e+00 1.199340568739786228e+00 1.196863529181220853e+00 1.188414779242573216e+00 1.116000508192748653e+00 1.207110807420955778e+00 1.182545879798437838e+00 1.210435462357326797e+00 1.112325005898208596e+00 1.165065560161224090e+00
1.194518726623386096e+00 1.199340568739786228e+00 1.196863529181220853e+00 1.188414779242573216e+00 1.118720607684882573e+00 1.207110807420955778e+00 1.182545879798437838e+00 1.210435462357326797e+00 1.115207594314144846e+00 1.165065560161224090e+00
1.194518726623386096e+00 1.199340568739786228e+00 1.196863529181220853e+00 1.188414779242573216e+00 1.118720607684882573e+00 1.207110807420955778e+00 1.182545879798437838e+00 1.210435462357326797e+00 1.115207594314144846e+00 1.165065560161224090e+00
1.194518726623386096e+00 1.199340568739786228e+00 1.196863529181220853e+00 1.188414779242573216e+00 1.118720607684882573e+00 1.207110807420955778e+00 1.182545879798437838e+00 1.210435462357326797e+00 1.115207594314144846e+00 1.165065560161224090e+00
1.194518726623386096e+00 1.199340568739786228e+00 1.196863529181220853e+00 1.188414779242573216e+00 1.118720607684882573e+00 1.207110807420955778e+00 1.182545879798437838e+00 1.210435462357326797e+00 1.137107356598601182e+00 1.165065560161224090e+00
1.194518726623386096e+00 1.199340568739786228e+00 1.196863529181220853e+00 1.188414779242573216e+00 1.122007086675062437e+00 1.207110807420955778e+00 1.182545879798437838e+00 1.210435462357326797e+00 1.137107356598601182e+00 1.165065560161224090e+00
1.194518726623386096e+00 1.199340568739786228e+00 1.196863529181220853e+00 1.188414779242573216e+00 1.122007086675062437e+00 1.207110807420955778e+00 1.182545879798437838e+00 1.210435462357326797e+00 1.137107356598601182e+00 1.165065560161224090e+00
1.194518726623386096e+00 1.199340568739786228e+00 1.196863529181220853e+00 1.188414779242573216e+00 1.122007086675062437e+00 1.207110807420955778e+00 1.182545879798437838e+00 1.210435462357326797e+00 1.137107356598601182e+00 1.165065560161224090e+00
1.194518726623386096e+00 1.199340568739786228e+00 1.196863529181220853e+00 1.188414779242573216e+00 1.122007086675062437e+00 1.207110807420955778e+00 1.182545879798437838e+00 1.210435462357326797e+00 1.137107356598601182e+00 1.165065560161224090e+00
1.194518726623386096e+00 1.199340568739786228e+00 1.196863529181220853e+00 1.188414779242573216e+00 1.122007086675062437e+00 1.207110807420955778e+00 1.182545879798437838e+00 1.210435462357326797e+00 1.137107356598601182e+00 1.165065560161224090e+00
1.194518726623386096e+00 1.199340568739786228e+00 1.196863529181220853e+00 1.188414779242573216e+00 1.122007086675062437e+00 1.207110807420955778e+00 1.182545879798437838e+00 1.210435462357326797e+00 1.137107356598601182e+00 1.165065560161224090e+00
1.194518726623386096e+00 1.199340568739786228e+00 1.196863529181220853e+00 1.188414779242573216e+00 1.122007086675062437e+00 1.207110807420955778e+00 1.182545879798437838e+00 1.210435462357326797e+00 1.137107356598601182e+00 1.184754783538324086e+00
1.194518726623386096e+00 1.199340568739786228e+00 1.196863529181220853e+00 1.188414779242573216e+00 1.122007086675062437e+00 1.207110807420955778e+00 1.182545879798437838e+00 1.226936136901211061e+00 1.137107356598601182e+00 1.184754783538324086e+00
1.194518726623386096e+00 1.199340568739786228e+00 1.196863529181220853e+00 1.188414779242573216e+00 1.122007086675062437e+00 1.207110807420955778e+00 1.182545879798437838e+00 1.226936136901211061e+00 1.137107356598601182e+00 1.184754783538324086e+00
1.194518726623386096e+00 1.199340568739786228e+00 1.196863529181220853e+00 1.188414779242573216e+00 1.122007086675062437e+00 1.207110807420955778e+00 1.182545879798437838e+00 1.226936136901211061e+00 1.137107356598601182e+00 1.184754783538324086e+00
1.194518726623386096e+00 1.199340568739786228e+00 1.196863529181220853e+00 1.188414779242573216e+00 1.122007086675062437e+00 1.207110807420955778e+00 1.182545879798437838e+00 1.226936136901211061e+00 1.137107356598601182e+00 1.184754783538324086e+00
1.194518726623386096e+00 1.199340568739786228e+00 1.196863529181220853e+00 1.188414779242573216e+00 1.140328372955621949e+00 1.207110807420955778e+00 1.182545879798437838e+00 1.226936136901211061e+00 1.137107356598601182e+00 1.184754783538324086e+00
1.194518726623386096e+00 1.199340568739786228e+00 1.196863529181220853e+00 1.188414779242573216e+00 1.140328372955621949e+00 1.207110807420955778e+00 1.182545879798437838e+00 1.226936136901211061e+00 1.137107356598601182e+00 1.184754783538324086e+00
1.194518726623386096e+00 1.199340568739786228e+00 1.196863529181220853e+00 1.188414779242573216e+00 1.140328372955621949e+00 1.207110807420955778e+00 1.182545879798437838e+00 1.226936136901211061e+00 1.137107356598601182e+00 1.184754783538324086e+00
1.194518726623386096e+00 1.199340568739786228e+00 1.196863529181220853e+00 1.188414779242573216e+00 1.140328372955621949e+00 1.207110807420955778e+00 1.182545879798437838e+00 1.226936136901211061e+00 1.137107356598601182e+00 1.184754783538324086e+00
1.194518726623386096e+00 1.199340568739786228e+00 1.196863529181220853e+00 1.188414779242573216e+00 1.140575556662741352e+00 1.207110807420955778e+00 1.182545879798437838e+00 1.226936136901211061e+00 1.137107356598601182e+00 1.184754783538324086e+00
1.194518726623386096e+00 1.199340568739786228e+00 1.196863529181220853e+00 1.188414779242573216e+00 1.140575556662741352e+00 1.207110807420955778e+00 1.182545879798437838e+00 1.226936136901211061e+00 1.137107356598601182e+00 1.184754783538324086e+00
1.194518726623386096e+00 1.199340568739786228e+00 1.196863529181220853e+00 1.188414779242573216e+00 1.140575556662741352e+00 1.207110807420955778e+00 1.182545879798437838e+00 1.226936136901211061e+00 1.137107356598601182e+00 1.184754783538324086e+00
1.194518726623386096e+00 1.199340568739786228e+00 1.196863529181220853e+00 1.188414779242573216e+00 1.140575556662741352e+00 1.207110807420955778e+00 1.182545879798437838e+00 1.226936136901211061e+00 1.137107356598601182e+00 1.184754783538324086e+00
1.194518726623386096e+00 1.199340568739786228e+00 1.196863529181220853e+00 1.188414779242573216e+00 1.140575556662741352e+00 1.207110807420955778e+00 1.182545879798437838e+00 1.226936136901211061e+00 1.137107356598601182e+00 1.185608214522044124e+00
1.194518726623386096e+00 1.199340568739786228e+00 1.196863529181220853e+00 1.188414779242573216e+00 1.142179913960856608e+00 1.207110807420955778e+00 1.182545879798437838e+00 1.226936136901211061e+00 1.137107356598601182e+00 1.185608214522044124e+00
1.202308870469019020e+00 1.199340568739786228e+00 1.196863529181220853e+00 1.188414779242573216e+00 1.142179913960856608e+00 1.207110807420955778e+00 1.182545879798437838e+00 1.226936136901211061e+00 1.137107356598601182e+00 1.185608214522044124e+00
1.202308870469019020e+00 1.199340568739786228e+00 1.196863529181220853e+00 1.188414779242573216e+00 1.145979002865212371e+00 1.207110807420955778e+00 1.182545879798437838e+00 1.226936136901211061e+00 1.137107356598601182e+00 1.185608214522044124e+00
1.202308870469019020e+00 1.199340568739786228e+00 1.196863529181220853e+00 1.188414779242573216e+00 1.147920370300462789e+00 1.207110807420955778e+00 1.182545879798437838e+00 1.226936136901211061e+00 1.137107356598601182e+00 1.185608214522044124e+00
1.202308870469019020e+00 1.199340568739786228e+00 1.196863529181220853e+00 1.188414779242573216e+00 1.149302713449381841e+00 1.207110807420955778e+00 1.182545879798437838e+00 1.226936136901211061e+00 1.137107356598601182e+00 1.185608214522044124e+00
1.202308870469019020e+00 1.199340568739786228e+00 1.196863529181220853e+00 1.188414779242573216e+00 1.153535791651322251e+00 1.207110807420955778e+00 1.182545879798437838e+00 1.226936136901211061e+00 1.137107356598601182e+00 1.185608214522044124e+00
1.202308870469019020e+00 1.199340568739786228e+00 1.196863529181220853e+00 1.188414779242573216e+00 1.153535791651322251e+00 1.207110807420955778e+00 1.182545879798437838e+00 1.226936136901211061e+00 1.137107356598601182e+00 1.185608214522044124e+00
1.208628876988534051e+00 1.199340568739786228e+00 1.196863529181220853e+00 1.188414779242573216e+00 1.153535791651322251e+00 1.207110807420955778e+00 1.182545879798437838e+00 1.226936136901211061e+00 1.137107356598601182e+00 1.185608214522044124e+00
1.208628876988534051e+00 1.199340568739786228e+00 1.196863529181220853e+00 1.188414779242573216e+00 1.153535791651322251e+00 1.207110807420955778e+00 1.182545879798437838e+00 1.226936136901211061e+00 1.137107356598601182e+00 1.185608214522044124e+00
1.208628876988534051e+00 1.199340568739786228e+00 1.196863529181220853e+00 1.188414779242573216e+00 1.153535791651322251e+00 1.207110807420955778e+00 1.182545879798437838e+00 1.226936136901211061e+00 1.137107356598601182e+00 1.185608214522044124e+00
1.208628876988534051e+00 1.199340568739786228e+00 1.196863529181220853e+00 1.188414779242573216e+00 1.153535791651322251e+00 1.207110807420955778e+00 1.185784644137600097e+00 1.226936136901211061e+00 1.137107356598601182e+00 1.185608214522044124e+00
1.208628876988534051e+00 1.199340568739786228e+00 1.196863529181220853e+00 1.188414779242573216e+00 1.153535791651322251e+00 1.207110807420955778e+00 1.185784644137600097e+00 1.226936136901211061e+00 1.137107356598601182e+00 1.185608214522044124e+00
1.208628876988534051e+00 1.199340568739786228e+00 1.196863529181220853e+00 1.188414779242573216e+00 1.156506843920660055e+00 1.207110807420955778e+00 1.185784644137600097e+00 1.226936136901211061e+00 1.137107356598601182e+00 1.185608214522044124e+00
1.208628876988534051e+00 1.199340568739786228e+00 1.196863529181220853e+00 1.188414779242573216e+00 1.156638880445611139e+00 1.207110807420955778e+00 1.185784644137600097e+00 1.226936136901211061e+00 1.137107356598601182e+00 1.186758686751678837e+00
1.208628876988534051e+00 1.199340568739786228e+00 1.196863529181220853e+00 1.188414779242573216e+00 1.159322010165870775e+00 1.207110807420955778e+00 1.185784644137600097e+00 1.226936136901211061e+00 1.137107356598601182e+00 1.186758686751678837e+00
1.208628876988534051e+00 1.199340568739786228e+00 1.196863529181220853e+00 1.188414779242573216e+00 1.159322010165870775e+00 1.207110807420955778e+00 1.185784644137600097e+00 1.226936136901211061e+00 1.137107356598601182e+00 1.186758686751678837e+00
1.208628876988534051e+00 1.199340568739786228e+00 1.196863529181220853e+00 1.188414779242573216e+00 1.159322010165870775e+00 1.207110807420955778e+00 1.185784644137600097e+00 1.226936136901211061e+00 1.137107356598601182e+00 1.186806986084260718e+00
1.208628876988534051e+00 1.199340568739786228e+00 1.196863529181220853e+00 1.188414779242573216e+00 1.159322010165870775e+00 1.207110807420955778e+00 1.185784644137600097e+00 1.226936136901211061e+00 1.137107356598601182e+00 1.186806986084260718e+00
1.208628876988534051e+00 1.199340568739786228e+00 1.196863529181220853e+00 1.188414779242573216e+00 1.159322010165870775e+00 1.207110807420955778e+00 1.185784644137600097e+00 1.226936136901211061e+00 1.137107356598601182e+00 1.186806986084260718e+00
1.208628876988534051e+00 1.199340568739786228e+00 1.196863529181220853e+00 1.188414779242573216e+00 1.159322010165870775e+00 1.207110807420955778e+00 1.185784644137600097e+00 1.226936136901211061e+00 1.137107356598601182e+00 1.186806986084260718e+00
1.208628876988534051e+00 1.199340568739786228e+00 1.196863529181220853e+00 1.188414779242573216e+00 1.160118983202709453e+00 1.207110807420955778e+00 1.185784644137600097e+00 1.226936136901211061e+00 1.137107356598601182e+00 1.186806986084260718e+00
1.208628876988534051e+00 1.199340568739786228e+00 1.196863529181220853e+00 1.188414779242573216e+00 1.160118983202709453e+00 1.207110807420955778e+00 1.185784644137600097e+00 1.226936136901211061e+00 1.137107356598601182e+00 1.186806986084260718e+00
1.208628876988534051e+00 1.199340568739786228e+00 1.196863529181220853e+00 1.188414779242573216e+00 1.160118983202709453e+00 1.207110807420955778e+00 1.185784644137600097e+00 1.226936136901211061e+00 1.137107356598601182e+00 1.187296020697668597e+00
1.208628876988534051e+00 1.199340568739786228e+00 1.196863529181220853e+00 1.188414779242573216e+00 1.160118983202709453e+00 1.207110807420955778e+00 1.185784644137600097e+00 1.226936136901211061e+00 1.137107356598601182e+00 1.187296020697668597e+00
1.208628876988534051e+00 1.199340568739786228e+00 1.196863529181220853e+00 1.188414779242573216e+00 1.160118983202709453e+00 1.207110807420955778e+00 1.185784644137600097e+00 1.226936136901211061e+00 1.137107356598601182e+00 1.187296020697668597e+00
1.208628876988534051e+00 1.199340568739786228e+00 1.196863529181220853e+00 1.188414779242573216e+00 1.160118983202709453e+00 1.207110807420955778e+00 1.185784644137600097e+00 1.226936136901211061e+00 1.137107356598601182e+00 1.187296020697668597e+00
1.208628876988534051e+00 1.199340568739786228e+00 1.196863529181220853e+00 1.188414779242573216e+00 1.165631835672275907e+00 1.207110807420955778e+00 1.185784644137600097e+00 1.226936136901211061e+00 1.137107356598601182e+00 1.187770622294159528e+00
1.208628876988534051e+00 1.199340568739786228e+00 1.196863529181220853e+00 1.188414779242573216e+00 1.165631835672275907e+00 1.207110807420955778e+00 1.185784644137600097e+00 1.226936136901211061e+00 1.137107356598601182e+00 1.187770622294159528e+00
1.208628876988534051e+00 1.199340568739786228e+00 1.196863529181220853e+00 1.188414779242573216e+00 1.165631835672275907e+00 1.207110807420955778e+00 1.185784644137600097e+00 1.226936136901211061e+00 1.137107356598601182e+00 1.187770622294159528e+00
1.208628876988534051e+00 1.199340568739786228e+00 1.196863529181220853e+00 1.188414779242573216e+00 1.165631835672275907e+00 1.207110807420955778e+00 1.185784644137600097e+00 1.226936136901211061e+00 1.137107356598601182e+00 1.188102563535566203e+00
1.208628876988534051e+00 1.199340568739786228e+00 1.196863529181220853e+00 1.188414779242573216e+00 1.167515767490992395e+00 1.207110807420955778e+00 1.185784644137600097e+00 1.226936136901211061e+00 1.137107356598601182e+00 1.188102563535566203e+00
1.208628876988534051e+00 1.199340568739786228e+00 1.196863529181220853e+00 1.188414779242573216e+00 1.167515767490992395e+00 1.207110807420955778e+00 1.185784644137600097e+00 1.226936136901211061e+00 1.137107356598601182e+00 1.188102563535566203e+00
1.208628876988534051e+00 1.199340568739786228e+00 1.196863529181220853e+00 1.188414779242573216e+00 1.167515767490992395e+00 1.207110807420955778e+00 1.185784644137600097e+00 1.226936136901211061e+00 1.137107356598601182e+00 1.188102563535566203e+00
1.208628876988534051e+00 1.199340568739786228e+00 1.196863529181220853e+00 1.188414779242573216e+00 1.169634740687255592e+00 1.207110807420955778e+00 1.185784644137600097e+00 1.226936136901211061e+00 1.137107356598601182e+00 1.188102563535566203e+00
1.208628876988534051e+00 1.199340568739786228e+00 1.196863529181220853e+00 1.188414779242573216e+00 1.169634740687255592e+00 1.207110807420955778e+00 1.185784644137600097e+00 1.226936136901211061e+00 1.137107356598601182e+00 1.188102563535566203e+00
1.208628876988534051e+00 1.199340568739786228e+00 1.196863529181220853e+00 1.188414779242573216e+00 1.169634740687255592e+00 1.207110807420955778e+00 1.185784644137600097e+00 1.226936136901211061e+00 1.137107356598601182e+00 1.188102563535566203e+00
1.208628876988534051e+00 1.199340568739786228e+00 1.196863529181220853e+00 1.188414779242573216e+00 1.169634740687255592e+00 1.207110807420955778e+00 1.185784644137600097e+00 1.226936136901211061e+00 1.137107356598601182e+00 1.188102563535566203e+00
1.208628876988534051e+00 1.199340568739786228e+00 1.196863529181220853e+00 1.188414779242573216e+00 1.169634740687255592e+00 1.207110807420955778e+00 1.185784644137600097e+00 1.226936136901211061e+00 1.137107356598601182e+00 1.188102563535566203e+00
1.208628876988534051e+00 1.199340568739786228e+00 1.196863529181220853e+00 1.188414779242573216e+00 1.169634740687255592e+00 1.207110807420955778e+00 1.185784644137600097e+00 1.226936136901211061e+00 1.137107356598601182e+00 1.188102563535566203e+00
1.208628876988534051e+00 1.199340568739786228e+00 1.196863529181220853e+00 1.188414779242573216e+00 1.177908538763035917e+00 1.207110807420955778e+00 1.185784644137600097e+00 1.226936136901211061e+00 1.137107356598601182e+00 1.188102563535566203e+00
1.208628876988534051e+00 1.199340568739786228e+00 1.196863529181220853e+00 1.188414779242573216e+00 1.177908538763035917e+00 1.207110807420955778e+00 1.185784644137600097e+00 1.226936136901211061e+00 1.137107356598601182e+00 1.188123213543477164e+00
1.208628876988534051e+00 1.199340568739786228e+00 1.196863529181220853e+00 1.188414779242573216e+00 1.177908538763035917e+00 1.207110807420955778e+00 1.185784644137600097e+00 1.226936136901211061e+00 1.137107356598601182e+00 1.188123213543477164e+00
1.208628876988534051e+00 1.199340568739786228e+00 1.196863529181220853e+00 1.188414779242573216e+00 1.177908538763035917e+00 1.207110807420955778e+00 1.185784644137600097e+00 1.226936136901211061e+00 1.137107356598601182e+00 1.188123213543477164e+00
1.208628876988534051e+00 1.199340568739786228e+00 1.196863529181220853e+00 1.188414779242573216e+00 1.177908538763035917e+00 1.207110807420955778e+00 1.185784644137600097e+00 1.226936136901211061e+00 1.137107356598601182e+00 1.188123213543477164e+00
1.208628876988534051e+00 1.199340568739786228e+00 1.196863529181220853e+00 1.188414779242573216e+00 1.177908538763035917e+00 1.207110807420955778e+00 1.185784644137600097e+00 1.226936136901211061e+00 1.137107356598601182e+00 1.188123213543477164e+00
1.208628876988534051e+00 1.199340568739786228e+00 1.196863529181220853e+00 1.188414779242573216e+00 1.178222126900444255e+00 1.207110807420955778e+00 1.185784644137600097e+00 1.226936136901211061e+00 1.137107356598601182e+00 1.188123213543477164e+00
1.208628876988534051e+00 1.199340568739786228e+00 1.196863529181220853e+00 1.188414779242573216e+00 1.178222126900444255e+00 1.207110807420955778e+00 1.185784644137600097e+00 1.226936136901211061e+00 1.137107356598601182e+00 1.188123213543477164e+00
1.208628876988534051e+00 1.199340568739786228e+00 1.196863529181220853e+00 1.188414779242573216e+00 1.178222126900444255e+00 1.207110807420955778e+00 1.185784644137600097e+00 1.226936136901211061e+00 1.137107356598601182e+00 1.195502489593135875e+00
1.208628876988534051e+00 1.199340568739786228e+00 1.196863529181220853e+00 1.188414779242573216e+00 1.178222126900444255e+00 1.207110807420955778e+00 1.185784644137600097e+00 1.226936136901211061e+00 1.137107356598601182e+00 1.195502489593135875e+00
1.208628876988534051e+00 1.199340568739786228e+00 1.196863529181220853e+00 1.188414779242573216e+00 1.178222126900444255e+00 1.207110807420955778e+00 1.185784644137600097e+00 1.226936136901211061e+00 1.137107356598601182e+00 1.195502489593135875e+00
1.208628876988534051e+00 1.199340568739786228e+00 1.196863529181220853e+00 1.188414779242573216e+00 1.178222126900444255e+00 1.207110807420955778e+00 1.185784644137600097e+00 1.226936136901211061e+00 1.137107356598601182e+00 1.195502489593135875e+00
1.208628876988534051e+00 1.199340568739786228e+00 1.196863529181220853e+00 1.188414779242573216e+00 1.178222126900444255e+00 1.207110807420955778e+00 1.185784644137600097e+00 1.226936136901211061e+00 1.137107356598601182e+00 1.195502489593135875e+00
1.208628876988534051e+00 1.199340568739786228e+00 1.196863529181220853e+00 1.188414779242573216e+00 1.178222126900444255e+00 1.207110807420955778e+00 1.185784644137600097e+00 1.226936136901211061e+00 1.137107356598601182e+00 1.195502489593135875e+00
1.208628876988534051e+00 1.199340568739786228e+00 1.196863529181220853e+00 1.188414779242573216e+00 1.178222126900444255e+00 1.207110807420955778e+00 1.185784644137600097e+00 1.226936136901211061e+00 1.137107356598601182e+00 1.195502489593135875e+00
1.208628876988534051e+00 1.199340568739786228e+00 1.196863529181220853e+00 1.188414779242573216e+00 1.178222126900444255e+00 1.207110807420955778e+00 1.185784644137600097e+00 1.226936136901211061e+00 1.137107356598601182e+00 1.195502489593135875e+00
1.208628876988534051e+00 1.199340568739786228e+00 1.196863529181220853e+00 1.188414779242573216e+00 1.178222126900444255e+00 1.207110807420955778e+00 1.185784644137600097e+00 1.226936136901211061e+00 1.137107356598601182e+00 1.195502489593135875e+00
1.208628876988534051e+00 1.199340568739786228e+00 1.196863529181220853e+00 1.188414779242573216e+00 1.178222126900444255e+00 1.207110807420955778e+00 1.185784644137600097e+00 1.226936136901211061e+00 1.137107356598601182e+00 1.195502489593135875e+00
1.208628876988534051e+00 1.199340568739786228e+00 1.196863529181220853e+00 1.188414779242573216e+00 1.178222126900444255e+00 1.207110807420955778e+00 1.185784644137600097e+00 1.226936136901211061e+00 1.137107356598601182e+00 1.195502489593135875e+00
1.208628876988534051e+00 1.199340568739786228e+00 1.196863529181220853e+00 1.188414779242573216e+00 1.178222126900444255e+00 1.207110807420955778e+00 1.185784644137600097e+00 1.226936136901211061e+00 1.137107356598601182e+00 1.195502489593135875e+00
1.208628876988534051e+00 1.199340568739786228e+00 1.196863529181220853e+00 1.188414779242573216e+00 1.179829495704655340e+00 1.207110807420955778e+00 1.185784644137600097e+00 1.226936136901211061e+00 1.137107356598601182e+00 1.195502489593135875e+00
1.208628876988534051e+00 1.199340568739786228e+00 1.196863529181220853e+00 1.188414779242573216e+00 1.179829495704655340e+00 1.207110807420955778e+00 1.185784644137600097e+00 1.226936136901211061e+00 1.137107356598601182e+00 1.195502489593135875e+00
1.208628876988534051e+00 1.199340568739786228e+00 1.196863529181220853e+00 1.188414779242573216e+00 1.179829495704655340e+00 1.207110807420955778e+00 1.185784644137600097e+00 1.226936136901211061e+00 1.137107356598601182e+00 1.195502489593135875e+00
1.208628876988534051e+00 1.199340568739786228e+00 1.196863529181220853e+00 1.188414779242573216e+00 1.179829495704655340e+00 1.207110807420955778e+00 1.185784644137600097e+00 1.226936136901211061e+00 1.137107356598601182e+00 1.195502489593135875e+00
1.208628876988534051e+00 1.199340568739786228e+00 1.196863529181220853e+00 1.188414779242573216e+00 1.179829495704655340e+00 1.207110807420955778e+00 1.185784644137600097e+00 1.226936136901211061e+00 1.137107356598601182e+00 1.195502489593135875e+00
1.208628876988534051e+00 1.199340568739786228e+00 1.196863529181220853e+00 1.188414779242573216e+00 1.179829495704655340e+00 1.207110807420955778e+00 1.185784644137600097e+00 1.226936136901211061e+00 1.137107356598601182e+00 1.195502489593135875e+00
1.208628876988534051e+00 1.199340568739786228e+00 1.196863529181220853e+00 1.188414779242573216e+00 1.179829495704655340e+00 1.207110807420955778e+00 1.185784644137600097e+00 1.226936136901211061e+00 1.137107356598601182e+00 1.195502489593135875e+00
1.208628876988534051e+00 1.199340568739786228e+00 1.196863529181220853e+00 1.188414779242573216e+00 1.179829495704655340e+00 1.207110807420955778e+00 1.185784644137600097e+00 1.226936136901211061e+00 1.137107356598601182e+00 1.195502489593135875e+00
1.208628876988534051e+00 1.199340568739786228e+00 1.196863529181220853e+00 1.188414779242573216e+00 1.179829495704655340e+00 1.207110807420955778e+00 1.185784644137600097e+00 1.226936136901211061e+00 1.137107356598601182e+00 1.195502489593135875e+00
1.208628876988534051e+00 1.199340568739786228e+00 1.196863529181220853e+00 1.188414779242573216e+00 1.181538364544103770e+00 1.207110807420955778e+00 1.185784644137600097e+00 1.226936136901211061e+00 1.137107356598601182e+00 1.195502489593135875e+00
1.208628876988534051e+00 1.199340568739786228e+00 1.196863529181220853e+00 1.188414779242573216e+00 1.181538364544103770e+00 1.207110807420955778e+00 1.185784644137600097e+00 1.226936136901211061e+00 1.137107356598601182e+00 1.195502489593135875e+00
1.208628876988534051e+00 1.199340568739786228e+00 1.196863529181220853e+00 1.188414779242573216e+00 1.181538364544103770e+00 1.207110807420955778e+00 1.185784644137600097e+00 1.226936136901211061e+00 1.137107356598601182e+00 1.195502489593135875e+00
1.208628876988534051e+00 1.199340568739786228e+00 1.196863529181220853e+00 1.188414779242573216e+00 1.181538364544103770e+00 1.207110807420955778e+00 1.185784644137600097e+00 1.226936136901211061e+00 1.137107356598601182e+00 1.195502489593135875e+00
1.208628876988534051e+00 1.199340568739786228e+00 1.196863529181220853e+00 1.188414779242573216e+00 1.181538364544103770e+00 1.207110807420955778e+00 1.185784644137600097e+00 1.226936136901211061e+00 1.137107356598601182e+00 1.195502489593135875e+00
1.208628876988534051e+00 1.199340568739786228e+00 1.196863529181220853e+00 1.188414779242573216e+00 1.181538364544103770e+00 1.207110807420955778e+00 1.185784644137600097e+00 1.226936136901211061e+00 1.137107356598601182e+00 1.195502489593135875e+00
1.208628876988534051e+00 1.199340568739786228e+00 1.196863529181220853e+00 1.188414779242573216e+00 1.184073397703704122e+00 1.207110807420955778e+00 1.185784644137600097e+00 1.226936136901211061e+00 1.137107356598601182e+00 1.195502489593135875e+00
1.208628876988534051e+00 1.199340568739786228e+00 1.196863529181220853e+00 1.188414779242573216e+00 1.184073397703704122e+00 1.207110807420955778e+00 1.185784644137600097e+00 1.226936136901211061e+00 1.137107356598601182e+00 1.195502489593135875e+00
1.208628876988534051e+00 1.199340568739786228e+00 1.196863529181220853e+00 1.188414779242573216e+00 1.184073397703704122e+00 1.207110807420955778e+00 1.185784644137600097e+00 1.226936136901211061e+00 1.137107356598601182e+00 1.195502489593135875e+00
1.208628876988534051e+00 1.199340568739786228e+00 1.196863529181220853e+00 1.188414779242573216e+00 1.184073397703704122e+00 1.207110807420955778e+00 1.185784644137600097e+00 1.226936136901211061e+00 1.137107356598601182e+00 1.195502489593135875e+00
1.208628876988534051e+00 1.199340568739786228e+00 1.196863529181220853e+00 1.188414779242573216e+00 1.184073397703704122e+00 1.207110807420955778e+00 1.185784644137600097e+00 1.226936136901211061e+00 1.137107356598601182e+00 1.195502489593135875e+00
1.208628876988534051e+00 1.199340568739786228e+00 1.196863529181220853e+00 1.188414779242573216e+00 1.184073397703704122e+00 1.207110807420955778e+00 1.185784644137600097e+00 1.226936136901211061e+00 1.137107356598601182e+00 1.195502489593135875e+00
1.208628876988534051e+00 1.199340568739786228e+00 1.196863529181220853e+00 1.188414779242573216e+00 1.184073397703704122e+00 1.207110807420955778e+00 1.185784644137600097e+00 1.226936136901211061e+00 1.137107356598601182e+00 1.195502489593135875e+00
1.208628876988534051e+00 1.199340568739786228e+00 1.196863529181220853e+00 1.188414779242573216e+00 1.184073397703704122e+00 1.207110807420955778e+00 1.185784644137600097e+00 1.226936136901211061e+00 1.137107356598601182e+00 1.195502489593135875e+00
1.208628876988534051e+00 1.199340568739786228e+00 1.196863529181220853e+00 1.188414779242573216e+00 1.184073397703704122e+00 1.207110807420955778e+00 1.185784644137600097e+00 1.226936136901211061e+00 1.137107356598601182e+00 1.195502489593135875e+00
1.208628876988534051e+00 1.199340568739786228e+00 1.196863529181220853e+00 1.188414779242573216e+00 1.185076246705817127e+00 1.207110807420955778e+00 1.185784644137600097e+00 1.226936136901211061e+00 1.137107356598601182e+00 1.195502489593135875e+00
1.208628876988534051e+00 1.199340568739786228e+00 1.196863529181220853e+00 1.188414779242573216e+00 1.185076246705817127e+00 1.207110807420955778e+00 1.185784644137600097e+00 1.226936136901211061e+00 1.137107356598601182e+00 1.195502489593135875e+00
1.208628876988534051e+00 1.199340568739786228e+00 1.196863529181220853e+00 1.188414779242573216e+00 1.185076246705817127e+00 1.207110807420955778e+00 1.185784644137600097e+00 1.226936136901211061e+00 1.137107356598601182e+00 1.195502489593135875e+00
1.208628876988534051e+00 1.199340568739786228e+00 1.196863529181220853e+00 1.188414779242573216e+00 1.185076246705817127e+00 1.207110807420955778e+00 1.185784644137600097e+00 1.226936136901211061e+00 1.137107356598601182e+00 1.195502489593135875e+00
1.208628876988534051e+00 1.199340568739786228e+00 1.196863529181220853e+00 1.188414779242573216e+00 1.185076246705817127e+00 1.207110807420955778e+00 1.185784644137600097e+00 1.226936136901211061e+00 1.137107356598601182e+00 1.195502489593135875e+00
1.208628876988534051e+00 1.199340568739786228e+00 1.196863529181220853e+00 1.188414779242573216e+00 1.185076246705817127e+00 1.207110807420955778e+00 1.185784644137600097e+00 1.226936136901211061e+00 1.137107356598601182e+00 1.195502489593135875e+00
1.208628876988534051e+00 1.199340568739786228e+00 1.196863529181220853e+00 1.188414779242573216e+00 1.185076246705817127e+00 1.207110807420955778e+00 1.185784644137600097e+00 1.228047470310699163e+00 1.137107356598601182e+00 1.195502489593135875e+00
1.208628876988534051e+00 1.199340568739786228e+00 1.196863529181220853e+00 1.188414779242573216e+00 1.185076246705817127e+00 1.207110807420955778e+00 1.185784644137600097e+00 1.228047470310699163e+00 1.137107356598601182e+00 1.195502489593135875e+00
1.208628876988534051e+00 1.199340568739786228e+00 1.196863529181220853e+00 1.188414779242573216e+00 1.185076246705817127e+00 1.207110807420955778e+00 1.185784644137600097e+00 1.228047470310699163e+00 1.137107356598601182e+00 1.195502489593135875e+00
1.208628876988534051e+00 1.199340568739786228e+00 1.196863529181220853e+00 1.188414779242573216e+00 1.185076246705817127e+00 1.207110807420955778e+00 1.185784644137600097e+00 1.228047470310699163e+00 1.137107356598601182e+00 1.195502489593135875e+00
1.208628876988534051e+00 1.199340568739786228e+00 1.196863529181220853e+00 1.190244491350087808e+00 1.185076246705817127e+00 1.207110807420955778e+00 1.185784644137600097e+00 1.228047470310699163e+00 1.137107356598601182e+00 1.195502489593135875e+00
1.208628876988534051e+00 1.199340568739786228e+00 1.196863529181220853e+00 1.190244491350087808e+00 1.185076246705817127e+00 1.207110807420955778e+00 1.185784644137600097e+00 1.228047470310699163e+00 1.137107356598601182e+00 1.195502489593135875e+00
1.208628876988534051e+00 1.199340568739786228e+00 1.196863529181220853e+00 1.190244491350087808e+00 1.185076246705817127e+00 1.207110807420955778e+00 1.185784644137600097e+00 1.239937290781580659e+00 1.137107356598601182e+00 1.195502489593135875e+00
1.208628876988534051e+00 1.199340568739786228e+00 1.196863529181220853e+00 1.190244491350087808e+00 1.185076246705817127e+00 1.207110807420955778e+00 1.185784644137600097e+00 1.239937290781580659e+00 1.137107356598601182e+00 1.195502489593135875e+00
1.208628876988534051e+00 1.199340568739786228e+00 1.196863529181220853e+00 1.190244491350087808e+00 1.185076246705817127e+00 1.207110807420955778e+00 1.185784644137600097e+00 1.239937290781580659e+00 1.137107356598601182e+00 1.195502489593135875e+00
1.208628876988534051e+00 1.199340568739786228e+00 1.196863529181220853e+00 1.190244491350087808e+00 1.186775272893832112e+00 1.207110807420955778e+00 1.185784644137600097e+00 1.239937290781580659e+00 1.137107356598601182e+00 1.195502489593135875e+00
1.208628876988534051e+00 1.199340568739786228e+00 1.196863529181220853e+00 1.190244491350087808e+00 1.186775272893832112e+00 1.207110807420955778e+00 1.185784644137600097e+00 1.239937290781580659e+00 1.137107356598601182e+00 1.195502489593135875e+00
1.208628876988534051e+00 1.199340568739786228e+00 1.196863529181220853e+00 1.190244491350087808e+00 1.186775272893832112e+00 1.207110807420955778e+00 1.185784644137600097e+00 1.239937290781580659e+00 1.137107356598601182e+00 1.195502489593135875e+00
1.208628876988534051e+00 1.199340568739786228e+00 1.196863529181220853e+00 1.194155344351326198e+00 1.186775272893832112e+00 1.207110807420955778e+00 1.185784644137600097e+00 1.239937290781580659e+00 1.137107356598601182e+00 1.195502489593135875e+00
1.208628876988534051e+00 1.199340568739786228e+00 1.196863529181220853e+00 1.194155344351326198e+00 1.186775272893832112e+00 1.207110807420955778e+00 1.185784644137600097e+00 1.239937290781580659e+00 1.137107356598601182e+00 1.195502489593135875e+00
1.208628876988534051e+00 1.199340568739786228e+00 1.196863529181220853e+00 1.194155344351326198e+00 1.186775272893832112e+00 1.207110807420955778e+00 1.185784644137600097e+00 1.239937290781580659e+00 1.137107356598601182e+00 1.195502489593135875e+00
1.208628876988534051e+00 1.199340568739786228e+00 1.196863529181220853e+00 1.194155344351326198e+00 1.186775272893832112e+00 1.207110807420955778e+00 1.185784644137600097e+00 1.239937290781580659e+00 1.137107356598601182e+00 1.195502489593135875e+00
1.208628876988534051e+00 1.199340568739786228e+00 1.196863529181220853e+00 1.194155344351326198e+00 1.186775272893832112e+00 1.207110807420955778e+00 1.185784644137600097e+00 1.239937290781580659e+00 1.137107356598601182e+00 1.195502489593135875e+00
1.208628876988534051e+00 1.199340568739786228e+00 1.196863529181220853e+00 1.199151434164761110e+00 1.186775272893832112e+00 1.207110807420955778e+00 1.185784644137600097e+00 1.239937290781580659e+00 1.137107356598601182e+00 1.195502489593135875e+00
1.208628876988534051e+00 1.199340568739786228e+00 1.196863529181220853e+00 1.199151434164761110e+00 1.186775272893832112e+00 1.207110807420955778e+00 1.185784644137600097e+00 1.239937290781580659e+00 1.137107356598601182e+00 1.195502489593135875e+00
1.208628876988534051e+00 1.199340568739786228e+00 1.196863529181220853e+00 1.199151434164761110e+00 1.186775272893832112e+00 1.207110807420955778e+00 1.185784644137600097e+00 1.253772175583494741e+00 1.137107356598601182e+00 1.195502489593135875e+00
1.209874618137376734e+00 1.199340568739786228e+00 1.196863529181220853e+00 1.199151434164761110e+00 1.186775272893832112e+00 1.207110807420955778e+00 1.185784644137600097e+00 1.253772175583494741e+00 1.137107356598601182e+00 1.195502489593135875e+00
