1.040545403432394211e+00 1.145873532264966910e+00 1.074323706389261890e+00 1.032143099392748287e+00 1.065750941811507424e+00 1.020281901223229593e+00 1.022510217454501991e+00 9.539369068674622421e-01 1.105938601674314681e+00 1.119633728919722904e+00
1.040545403432394211e+00 1.145873532264966910e+00 1.074323706389261890e+00 1.032143099392748287e+00 1.065750941811507424e+00 1.020281901223229593e+00 1.034921276568807835e+00 9.539369068674622421e-01 1.105938601674314681e+00 1.122117183331215351e+00
1.056044236888450394e+00 1.145873532264966910e+00 1.074323706389261890e+00 1.099439605613182103e+00 1.065750941811507424e+00 1.040716689324473698e+00 1.048694610764253188e+00 9.539369068674622421e-01 1.105938601674314681e+00 1.122117183331215351e+00
1.056044236888450394e+00 1.157756344135115967e+00 1.074323706389261890e+00 1.099439605613182103e+00 1.065750941811507424e+00 1.040716689324473698e+00 1.057883108475174083e+00 9.633536197393189893e-01 1.126081304518305792e+00 1.207381068442000771e+00
1.056044236888450394e+00 1.157756344135115967e+00 1.084550030526801212e+00 1.099439605613182103e+00 1.065750941811507424e+00 1.040716689324473698e+00 1.057883108475174083e+00 9.633536197393189893e-01 1.126081304518305792e+00 1.207381068442000771e+00
1.056044236888450394e+00 1.159282277425041530e+00 1.089852168936154220e+00 1.107136240994972098e+00 1.073463158597052214e+00 1.040716689324473698e+00 1.074470466159579640e+00 9.633536197393189893e-01 1.171013997767004211e+00 1.207381068442000771e+00
1.056044236888450394e+00 1.159282277425041530e+00 1.089852168936154220e+00 1.107136240994972098e+00 1.073463158597052214e+00 1.055892894171030605e+00 1.076576530232894680e+00 9.917282227611331491e-01 1.171013997767004211e+00 1.207381068442000771e+00
1.056044236888450394e+00 1.159282277425041530e+00 1.089852168936154220e+00 1.107136240994972098e+00 1.079960368911981661e+00 1.055892894171030605e+00 1.076576530232894680e+00 9.917282227611331491e-01 1.171013997767004211e+00 1.207381068442000771e+00
1.056044236888450394e+00 1.172206897356224298e+00 1.089852168936154220e+00 1.107136240994972098e+00 1.081853392786253920e+00 1.055892894171030605e+00 1.076576530232894680e+00 9.917282227611331491e-01 1.171013997767004211e+00 1.207381068442000771e+00
1.056044236888450394e+00 1.172206897356224298e+00 1.089852168936154220e+00 1.127037178131960804e+00 1.121819772470551424e+00 1.055892894171030605e+00 1.076576530232894680e+00 1.001425601237353913e+00 1.171013997767004211e+00 1.207381068442000771e+00
1.056044236888450394e+00 1.195437938864807759e+00 1.089852168936154220e+00 1.127037178131960804e+00 1.121819772470551424e+00 1.055892894171030605e+00 1.076576530232894680e+00 1.001425601237353913e+00 1.171013997767004211e+00 1.207381068442000771e+00
1.056044236888450394e+00 1.198452352268610355e+00 1.089852168936154220e+00 1.127037178131960804e+00 1.121819772470551424e+00 1.055892894171030605e+00 1.076576530232894680e+00 1.001425601237353913e+00 1.171013997767004211e+00 1.207381068442000771e+00
1.071743169851675059e+00 1.198452352268610355e+00 1.089852168936154220e+00 1.127037178131960804e+00 1.121819772470551424e+00 1.070224875761102590e+00 1.078160550537528461e+00 1.001425601237353913e+00 1.171013997767004211e+00 1.207381068442000771e+00
1.071743169851675059e+00 1.198452352268610355e+00 1.089852168936154220e+00 1.127037178131960804e+00 1.121819772470551424e+00 1.080971438082847458e+00 1.078160550537528461e+00 1.001425601237353913e+00 1.171013997767004211e+00 1.207381068442000771e+00
1.071743169851675059e+00 1.198452352268610355e+00 1.089852168936154220e+00 1.187301405348738070e+00 1.121819772470551424e+00 1.080971438082847458e+00 1.078160550537528461e+00 1.001425601237353913e+00 1.171013997767004211e+00 1.207381068442000771e+00
1.071743169851675059e+00 1.198452352268610355e+00 1.089852168936154220e+00 1.187301405348738070e+00 1.121819772470551424e+00 1.080971438082847458e+00 1.078160550537528461e+00 1.001425601237353913e+00 1.171013997767004211e+00 1.207381068442000771e+00
1.071743169851675059e+00 1.198452352268610355e+00 1.089852168936154220e+00 1.187301405348738070e+00 1.121819772470551424e+00 1.080971438082847458e+00 1.078160550537528461e+00 1.001425601237353913e+00 1.171013997767004211e+00 1.207381068442000771e+00
1.071743169851675059e+00 1.202276976785442653e+00 1.089852168936154220e+00 1.187301405348738070e+00 1.121819772470551424e+00 1.080971438082847458e+00 1.078160550537528461e+00 1.001425601237353913e+00 1.171013997767004211e+00 1.207381068442000771e+00
1.071743169851675059e+00 1.202276976785442653e+00 1.118624469014993350e+00 1.187301405348738070e+00 1.121819772470551424e+00 1.080971438082847458e+00 1.078160550537528461e+00 1.001425601237353913e+00 1.171013997767004211e+00 1.207381068442000771e+00
1.071743169851675059e+00 1.202276976785442653e+00 1.118624469014993350e+00 1.187301405348738070e+00 1.121819772470551424e+00 1.086777486661247183e+00 1.078160550537528461e+00 1.001425601237353913e+00 1.171013997767004211e+00 1.207381068442000771e+00
1.071743169851675059e+00 1.202276976785442653e+00 1.118624469014993350e+00 1.187301405348738070e+00 1.121819772470551424e+00 1.086777486661247183e+00 1.078160550537528461e+00 1.001425601237353913e+00 1.171013997767004211e+00 1.207381068442000771e+00
1.071743169851675059e+00 1.202276976785442653e+00 1.118624469014993350e+00 1.187301405348738070e+00 1.121819772470551424e+00 1.086777486661247183e+00 1.078160550537528461e+00 1.001425601237353913e+00 1.171013997767004211e+00 1.207381068442000771e+00
1.071743169851675059e+00 1.202276976785442653e+00 1.118624469014993350e+00 1.187301405348738070e+00 1.121819772470551424e+00 1.086777486661247183e+00 1.078160550537528461e+00 1.001425601237353913e+00 1.171013997767004211e+00 1.207381068442000771e+00
1.071743169851675059e+00 1.202276976785442653e+00 1.118624469014993350e+00 1.187301405348738070e+00 1.121819772470551424e+00 1.086777486661247183e+00 1.078160550537528461e+00 1.001425601237353913e+00 1.171013997767004211e+00 1.207381068442000771e+00
1.071743169851675059e+00 1.202276976785442653e+00 1.118624469014993350e+00 1.187301405348738070e+00 1.121819772470551424e+00 1.086777486661247183e+00 1.078160550537528461e+00 1.001425601237353913e+00 1.171013997767004211e+00 1.207381068442000771e+00
1.071743169851675059e+00 1.202276976785442653e+00 1.118624469014993350e+00 1.187301405348738070e+00 1.121819772470551424e+00 1.086777486661247183e+00 1.078160550537528461e+00 1.001425601237353913e+00 1.171013997767004211e+00 1.207381068442000771e+00
1.071743169851675059e+00 1.202276976785442653e+00 1.118624469014993350e+00 1.187301405348738070e+00 1.121819772470551424e+00 1.086777486661247183e+00 1.093315631024444290e+00 1.015150201176921563e+00 1.171013997767004211e+00 1.207381068442000771e+00
1.071743169851675059e+00 1.202276976785442653e+00 1.118624469014993350e+00 1.187301405348738070e+00 1.121819772470551424e+00 1.086777486661247183e+00 1.093315631024444290e+00 1.015150201176921563e+00 1.171013997767004211e+00 1.207381068442000771e+00
1.071743169851675059e+00 1.202276976785442653e+00 1.118624469014993350e+00 1.187301405348738070e+00 1.121819772470551424e+00 1.086777486661247183e+00 1.095693382843129671e+00 1.015150201176921563e+00 1.171013997767004211e+00 1.207381068442000771e+00
1.071743169851675059e+00 1.202276976785442653e+00 1.118624469014993350e+00 1.187301405348738070e+00 1.121819772470551424e+00 1.113118753749997802e+00 1.100974034433914062e+00 1.015150201176921563e+00 1.171013997767004211e+00 1.207381068442000771e+00
1.071743169851675059e+00 1.202276976785442653e+00 1.118624469014993350e+00 1.195607701281512725e+00 1.121819772470551424e+00 1.113118753749997802e+00 1.101607603159531878e+00 1.015150201176921563e+00 1.171013997767004211e+00 1.207381068442000771e+00
1.071743169851675059e+00 1.212953324582372705e+00 1.118624469014993350e+00 1.195607701281512725e+00 1.121819772470551424e+00 1.113118753749997802e+00 1.101607603159531878e+00 1.015150201176921563e+00 1.171013997767004211e+00 1.207381068442000771e+00
1.071743169851675059e+00 1.212953324582372705e+00 1.118624469014993350e+00 1.195607701281512725e+00 1.121819772470551424e+00 1.113118753749997802e+00 1.102733445597187556e+00 1.015150201176921563e+00 1.171013997767004211e+00 1.207381068442000771e+00
1.071743169851675059e+00 1.212953324582372705e+00 1.118624469014993350e+00 1.195607701281512725e+00 1.121819772470551424e+00 1.113118753749997802e+00 1.110663507658801619e+00 1.015150201176921563e+00 1.171013997767004211e+00 1.207381068442000771e+00
1.071743169851675059e+00 1.212953324582372705e+00 1.118624469014993350e+00 1.195607701281512725e+00 1.121819772470551424e+00 1.113118753749997802e+00 1.110663507658801619e+00 1.015150201176921563e+00 1.171013997767004211e+00 1.207381068442000771e+00
1.071743169851675059e+00 1.212953324582372705e+00 1.118624469014993350e+00 1.195607701281512725e+00 1.121819772470551424e+00 1.113118753749997802e+00 1.110663507658801619e+00 1.015150201176921563e+00 1.171013997767004211e+00 1.207381068442000771e+00
1.071743169851675059e+00 1.212953324582372705e+00 1.118624469014993350e+00 1.195607701281512725e+00 1.121819772470551424e+00 1.113118753749997802e+00 1.144147428621715701e+00 1.015150201176921563e+00 1.171013997767004211e+00 1.207381068442000771e+00
1.071743169851675059e+00 1.212953324582372705e+00 1.118624469014993350e+00 1.195607701281512725e+00 1.121819772470551424e+00 1.113118753749997802e+00 1.144147428621715701e+00 1.015150201176921563e+00 1.171013997767004211e+00 1.207381068442000771e+00
1.071743169851675059e+00 1.212953324582372705e+00 1.118624469014993350e+00 1.195607701281512725e+00 1.121819772470551424e+00 1.113118753749997802e+00 1.144147428621715701e+00 1.015150201176921563e+00 1.174278998774478167e+00 1.207381068442000771e+00
1.071743169851675059e+00 1.212953324582372705e+00 1.118624469014993350e+00 1.195607701281512725e+00 1.121819772470551424e+00 1.113118753749997802e+00 1.144147428621715701e+00 1.015150201176921563e+00 1.174278998774478167e+00 1.219855626613534749e+00
1.071743169851675059e+00 1.212953324582372705e+00 1.118624469014993350e+00 1.195607701281512725e+00 1.121819772470551424e+00 1.113118753749997802e+00 1.144147428621715701e+00 1.015150201176921563e+00 1.174278998774478167e+00 1.219855626613534749e+00
1.071743169851675059e+00 1.212953324582372705e+00 1.118624469014993350e+00 1.195607701281512725e+00 1.121819772470551424e+00 1.113548265787877911e+00 1.144147428621715701e+00 1.015150201176921563e+00 1.174278998774478167e+00 1.219855626613534749e+00
1.071743169851675059e+00 1.212953324582372705e+00 1.118624469014993350e+00 1.202387543175548634e+00 1.121819772470551424e+00 1.120891502099660597e+00 1.144147428621715701e+00 1.015150201176921563e+00 1.174278998774478167e+00 1.219855626613534749e+00
1.071743169851675059e+00 1.212953324582372705e+00 1.118624469014993350e+00 1.202387543175548634e+00 1.121819772470551424e+00 1.127743008598121710e+00 1.144147428621715701e+00 1.015150201176921563e+00 1.174278998774478167e+00 1.219855626613534749e+00
1.071743169851675059e+00 1.212953324582372705e+00 1.118624469014993350e+00 1.202387543175548634e+00 1.121819772470551424e+00 1.127743008598121710e+00 1.144147428621715701e+00 1.015150201176921563e+00 1.174278998774478167e+00 1.219855626613534749e+00
1.073335265757662249e+00 1.212953324582372705e+00 1.118624469014993350e+00 1.202387543175548634e+00 1.121819772470551424e+00 1.127743008598121710e+00 1.149665435612384323e+00 1.015150201176921563e+00 1.174278998774478167e+00 1.219855626613534749e+00
1.073335265757662249e+00 1.212953324582372705e+00 1.118624469014993350e+00 1.202387543175548634e+00 1.121819772470551424e+00 1.127743008598121710e+00 1.149665435612384323e+00 1.015150201176921563e+00 1.174278998774478167e+00 1.219855626613534749e+00
1.073335265757662249e+00 1.212953324582372705e+00 1.118624469014993350e+00 1.202387543175548634e+00 1.121819772470551424e+00 1.127743008598121710e+00 1.149665435612384323e+00 1.015150201176921563e+00 1.174278998774478167e+00 1.219855626613534749e+00
1.073335265757662249e+00 1.212953324582372705e+00 1.118624469014993350e+00 1.202387543175548634e+00 1.121819772470551424e+00 1.127743008598121710e+00 1.149665435612384323e+00 1.015150201176921563e+00 1.174278998774478167e+00 1.268438007602964213e+00
1.073335265757662249e+00 1.212953324582372705e+00 1.118624469014993350e+00 1.202387543175548634e+00 1.121819772470551424e+00 1.139970514374115673e+00 1.149665435612384323e+00 1.039053946843118803e+00 1.174278998774478167e+00 1.268438007602964213e+00
1.073335265757662249e+00 1.212953324582372705e+00 1.118624469014993350e+00 1.202387543175548634e+00 1.121819772470551424e+00 1.139970514374115673e+00 1.149665435612384323e+00 1.039053946843118803e+00 1.174278998774478167e+00 1.268438007602964213e+00
1.073335265757662249e+00 1.212953324582372705e+00 1.118624469014993350e+00 1.202387543175548634e+00 1.121819772470551424e+00 1.139970514374115673e+00 1.149665435612384323e+00 1.039053946843118803e+00 1.174278998774478167e+00 1.268438007602964213e+00
1.073335265757662249e+00 1.212953324582372705e+00 1.118624469014993350e+00 1.202387543175548634e+00 1.121819772470551424e+00 1.139970514374115673e+00 1.149665435612384323e+00 1.039053946843118803e+00 1.174278998774478167e+00 1.268438007602964213e+00
1.073335265757662249e+00 1.212953324582372705e+00 1.118624469014993350e+00 1.202387543175548634e+00 1.121819772470551424e+00 1.139970514374115673e+00 1.149665435612384323e+00 1.039053946843118803e+00 1.174278998774478167e+00 1.268438007602964213e+00
1.073335265757662249e+00 1.212953324582372705e+00 1.118624469014993350e+00 1.202387543175548634e+00 1.121819772470551424e+00 1.157274025597958778e+00 1.150700655309002673e+00 1.039053946843118803e+00 1.174278998774478167e+00 1.268438007602964213e+00
1.073335265757662249e+00 1.212953324582372705e+00 1.118624469014993350e+00 1.202387543175548634e+00 1.121819772470551424e+00 1.160671408673063398e+00 1.150700655309002673e+00 1.039053946843118803e+00 1.174278998774478167e+00 1.268438007602964213e+00
1.073335265757662249e+00 1.212953324582372705e+00 1.118624469014993350e+00 1.202387543175548634e+00 1.121819772470551424e+00 1.160671408673063398e+00 1.161443307557858962e+00 1.039053946843118803e+00 1.174278998774478167e+00 1.268438007602964213e+00
1.073335265757662249e+00 1.212953324582372705e+00 1.118624469014993350e+00 1.202387543175548634e+00 1.121819772470551424e+00 1.160671408673063398e+00 1.161443307557858962e+00 1.039053946843118803e+00 1.174278998774478167e+00 1.268438007602964213e+00
1.073335265757662249e+00 1.212953324582372705e+00 1.118624469014993350e+00 1.202387543175548634e+00 1.121819772470551424e+00 1.160671408673063398e+00 1.161443307557858962e+00 1.039053946843118803e+00 1.174278998774478167e+00 1.268438007602964213e+00
1.073335265757662249e+00 1.212953324582372705e+00 1.118624469014993350e+00 1.202387543175548634e+00 1.121819772470551424e+00 1.160671408673063398e+00 1.161443307557858962e+00 1.039053946843118803e+00 1.174278998774478167e+00 1.268438007602964213e+00
1.073335265757662249e+00 1.212953324582372705e+00 1.118624469014993350e+00 1.202387543175548634e+00 1.121819772470551424e+00 1.160671408673063398e+00 1.161443307557858962e+00 1.039053946843118803e+00 1.174278998774478167e+00 1.268438007602964213e+00
1.073335265757662249e+00 1.212953324582372705e+00 1.118624469014993350e+00 1.202387543175548634e+00 1.121819772470551424e+00 1.160671408673063398e+00 1.161443307557858962e+00 1.039053946843118803e+00 1.174278998774478167e+00 1.268438007602964213e+00
1.073335265757662249e+00 1.212953324582372705e+00 1.118624469014993350e+00 1.202387543175548634e+00 1.121819772470551424e+00 1.162114498229046333e+00 1.161443307557858962e+00 1.039053946843118803e+00 1.174278998774478167e+00 1.268438007602964213e+00
1.073335265757662249e+00 1.212953324582372705e+00 1.118624469014993350e+00 1.202387543175548634e+00 1.121819772470551424e+00 1.162114498229046333e+00 1.161443307557858962e+00 1.039053946843118803e+00 1.174278998774478167e+00 1.268438007602964213e+00
1.073335265757662249e+00 1.212953324582372705e+00 1.118624469014993350e+00 1.202387543175548634e+00 1.121819772470551424e+00 1.162114498229046333e+00 1.161443307557858962e+00 1.039053946843118803e+00 1.174278998774478167e+00 1.268438007602964213e+00
1.073335265757662249e+00 1.212953324582372705e+00 1.118624469014993350e+00 1.202387543175548634e+00 1.121819772470551424e+00 1.166831782274020402e+00 1.161443307557858962e+00 1.039053946843118803e+00 1.174278998774478167e+00 1.268438007602964213e+00
1.073335265757662249e+00 1.212953324582372705e+00 1.118624469014993350e+00 1.202387543175548634e+00 1.121819772470551424e+00 1.166831782274020402e+00 1.161443307557858962e+00 1.039053946843118803e+00 1.174278998774478167e+00 1.268438007602964213e+00
1.073335265757662249e+00 1.212953324582372705e+00 1.118624469014993350e+00 1.202387543175548634e+00 1.121819772470551424e+00 1.166831782274020402e+00 1.161443307557858962e+00 1.039053946843118803e+00 1.174278998774478167e+00 1.268438007602964213e+00
1.073335265757662249e+00 1.212953324582372705e+00 1.118624469014993350e+00 1.202387543175548634e+00 1.121819772470551424e+00 1.166831782274020402e+00 1.161443307557858962e+00 1.039053946843118803e+00 1.174278998774478167e+00 1.268438007602964213e+00
1.073335265757662249e+00 1.212953324582372705e+00 1.118624469014993350e+00 1.202387543175548634e+00 1.121819772470551424e+00 1.166831782274020402e+00 1.161443307557858962e+00 1.039053946843118803e+00 1.174278998774478167e+00 1.268438007602964213e+00
1.073335265757662249e+00 1.212953324582372705e+00 1.118624469014993350e+00 1.202387543175548634e+00 1.121819772470551424e+00 1.166831782274020402e+00 1.161443307557858962e+00 1.039053946843118803e+00 1.174278998774478167e+00 1.268438007602964213e+00
1.073335265757662249e+00 1.212953324582372705e+00 1.118624469014993350e+00 1.202387543175548634e+00 1.130045867268455018e+00 1.166831782274020402e+00 1.161443307557858962e+00 1.039053946843118803e+00 1.174278998774478167e+00 1.268438007602964213e+00
1.073335265757662249e+00 1.212953324582372705e+00 1.118624469014993350e+00 1.202387543175548634e+00 1.130045867268455018e+00 1.166831782274020402e+00 1.161443307557858962e+00 1.039053946843118803e+00 1.174278998774478167e+00 1.268438007602964213e+00
1.073335265757662249e+00 1.212953324582372705e+00 1.118624469014993350e+00 1.202387543175548634e+00 1.130045867268455018e+00 1.166831782274020402e+00 1.161443307557858962e+00 1.039053946843118803e+00 1.174278998774478167e+00 1.268438007602964213e+00
1.073335265757662249e+00 1.212953324582372705e+00 1.118624469014993350e+00 1.202387543175548634e+00 1.130045867268455018e+00 1.169995522906205787e+00 1.161443307557858962e+00 1.039053946843118803e+00 1.174278998774478167e+00 1.268438007602964213e+00
1.073822340824184041e+00 1.212953324582372705e+00 1.118624469014993350e+00 1.202387543175548634e+00 1.130045867268455018e+00 1.169995522906205787e+00 1.161443307557858962e+00 1.039053946843118803e+00 1.174278998774478167e+00 1.268438007602964213e+00
1.073822340824184041e+00 1.212953324582372705e+00 1.120731467909563017e+00 1.202387543175548634e+00 1.130045867268455018e+00 1.169995522906205787e+00 1.161443307557858962e+00 1.046059374011574228e+00 1.174278998774478167e+00 1.268438007602964213e+00
1.073822340824184041e+00 1.212953324582372705e+00 1.120731467909563017e+00 1.202387543175548634e+00 1.130045867268455018e+00 1.169995522906205787e+00 1.161443307557858962e+00 1.046059374011574228e+00 1.174278998774478167e+00 1.268438007602964213e+00
1.073822340824184041e+00 1.212953324582372705e+00 1.120731467909563017e+00 1.202387543175548634e+00 1.130045867268455018e+00 1.169995522906205787e+00 1.161443307557858962e+00 1.046059374011574228e+00 1.174278998774478167e+00 1.268438007602964213e+00
1.073822340824184041e+00 1.212953324582372705e+00 1.120731467909563017e+00 1.202387543175548634e+00 1.130045867268455018e+00 1.169995522906205787e+00 1.161443307557858962e+00 1.055054942115622563e+00 1.174278998774478167e+00 1.268438007602964213e+00
1.073822340824184041e+00 1.212953324582372705e+00 1.120731467909563017e+00 1.202387543175548634e+00 1.130045867268455018e+00 1.169995522906205787e+00 1.161443307557858962e+00 1.055054942115622563e+00 1.174278998774478167e+00 1.268438007602964213e+00
1.073822340824184041e+00 1.212953324582372705e+00 1.120731467909563017e+00 1.202387543175548634e+00 1.130045867268455018e+00 1.169995522906205787e+00 1.161443307557858962e+00 1.055054942115622563e+00 1.174278998774478167e+00 1.268438007602964213e+00
1.073822340824184041e+00 1.212953324582372705e+00 1.122206371199752306e+00 1.202387543175548634e+00 1.130045867268455018e+00 1.169995522906205787e+00 1.161443307557858962e+00 1.055054942115622563e+00 1.176161996307724333e+00 1.268438007602964213e+00
1.073822340824184041e+00 1.212953324582372705e+00 1.122206371199752306e+00 1.202387543175548634e+00 1.130045867268455018e+00 1.169995522906205787e+00 1.161443307557858962e+00 1.055054942115622563e+00 1.176161996307724333e+00 1.268438007602964213e+00
1.073822340824184041e+00 1.212953324582372705e+00 1.122267681150882490e+00 1.202387543175548634e+00 1.130045867268455018e+00 1.169995522906205787e+00 1.161443307557858962e+00 1.055054942115622563e+00 1.176368450583024305e+00 1.268438007602964213e+00
1.073822340824184041e+00 1.212953324582372705e+00 1.124000333932429818e+00 1.202387543175548634e+00 1.130045867268455018e+00 1.169995522906205787e+00 1.161443307557858962e+00 1.072692314633668209e+00 1.182614132708649679e+00 1.268438007602964213e+00
1.073822340824184041e+00 1.212953324582372705e+00 1.124000333932429818e+00 1.202387543175548634e+00 1.130045867268455018e+00 1.169995522906205787e+00 1.161443307557858962e+00 1.072692314633668209e+00 1.182743197928631806e+00 1.268438007602964213e+00
1.073822340824184041e+00 1.212953324582372705e+00 1.124000333932429818e+00 1.202387543175548634e+00 1.130045867268455018e+00 1.169995522906205787e+00 1.161443307557858962e+00 1.072692314633668209e+00 1.182743197928631806e+00 1.268438007602964213e+00
1.073822340824184041e+00 1.212953324582372705e+00 1.124000333932429818e+00 1.202387543175548634e+00 1.130045867268455018e+00 1.169995522906205787e+00 1.161443307557858962e+00 1.072692314633668209e+00 1.182743197928631806e+00 1.268438007602964213e+00
1.073822340824184041e+00 1.212953324582372705e+00 1.124000333932429818e+00 1.202387543175548634e+00 1.130045867268455018e+00 1.169995522906205787e+00 1.161443307557858962e+00 1.072692314633668209e+00 1.182743197928631806e+00 1.268438007602964213e+00
1.073822340824184041e+00 1.212953324582372705e+00 1.124000333932429818e+00 1.202387543175548634e+00 1.130045867268455018e+00 1.169995522906205787e+00 1.161443307557858962e+00 1.072692314633668209e+00 1.182743197928631806e+00 1.268438007602964213e+00
1.073822340824184041e+00 1.212953324582372705e+00 1.124000333932429818e+00 1.202387543175548634e+00 1.130045867268455018e+00 1.169995522906205787e+00 1.161443307557858962e+00 1.072692314633668209e+00 1.185760582680597031e+00 1.268438007602964213e+00
1.073822340824184041e+00 1.212953324582372705e+00 1.124000333932429818e+00 1.202387543175548634e+00 1.130045867268455018e+00 1.169995522906205787e+00 1.161443307557858962e+00 1.072692314633668209e+00 1.185760582680597031e+00 1.268438007602964213e+00
1.073822340824184041e+00 1.212953324582372705e+00 1.124033011102209212e+00 1.202387543175548634e+00 1.130045867268455018e+00 1.169995522906205787e+00 1.161443307557858962e+00 1.072692314633668209e+00 1.185760582680597031e+00 1.268438007602964213e+00
1.073822340824184041e+00 1.212953324582372705e+00 1.124033011102209212e+00 1.202387543175548634e+00 1.130045867268455018e+00 1.169995522906205787e+00 1.161443307557858962e+00 1.072692314633668209e+00 1.185760582680597031e+00 1.268438007602964213e+00
1.073822340824184041e+00 1.212953324582372705e+00 1.125797154658765509e+00 1.202387543175548634e+00 1.144291407520775516e+00 1.169995522906205787e+00 1.161443307557858962e+00 1.072692314633668209e+00 1.185760582680597031e+00 1.268438007602964213e+00
1.073822340824184041e+00 1.212953324582372705e+00 1.142321580982895490e+00 1.202387543175548634e+00 1.144291407520775516e+00 1.169995522906205787e+00 1.161443307557858962e+00 1.072692314633668209e+00 1.185760582680597031e+00 1.268438007602964213e+00
1.073822340824184041e+00 1.212953324582372705e+00 1.142321580982895490e+00 1.202387543175548634e+00 1.144291407520775516e+00 1.169995522906205787e+00 1.161443307557858962e+00 1.072692314633668209e+00 1.185760582680597031e+00 1.268438007602964213e+00
1.073822340824184041e+00 1.212953324582372705e+00 1.142321580982895490e+00 1.202387543175548634e+00 1.144291407520775516e+00 1.169995522906205787e+00 1.161443307557858962e+00 1.072692314633668209e+00 1.185760582680597031e+00 1.268438007602964213e+00
1.073822340824184041e+00 1.212953324582372705e+00 1.142321580982895490e+00 1.202387543175548634e+00 1.144291407520775516e+00 1.169995522906205787e+00 1.161443307557858962e+00 1.082481200531598908e+00 1.185760582680597031e+00 1.268438007602964213e+00
1.073822340824184041e+00 1.212953324582372705e+00 1.142321580982895490e+00 1.202387543175548634e+00 1.144291407520775516e+00 1.169995522906205787e+00 1.163270636239307931e+00 1.082481200531598908e+00 1.185760582680597031e+00 1.268438007602964213e+00
1.073822340824184041e+00 1.212953324582372705e+00 1.142321580982895490e+00 1.250730520274213609e+00 1.144291407520775516e+00 1.169995522906205787e+00 1.163270636239307931e+00 1.082481200531598908e+00 1.185760582680597031e+00 1.268438007602964213e+00
1.073822340824184041e+00 1.212953324582372705e+00 1.142321580982895490e+00 1.250730520274213609e+00 1.144291407520775516e+00 1.187278337694189334e+00 1.163270636239307931e+00 1.082481200531598908e+00 1.185760582680597031e+00 1.268438007602964213e+00
1.073822340824184041e+00 1.212953324582372705e+00 1.142321580982895490e+00 1.250730520274213609e+00 1.144291407520775516e+00 1.187278337694189334e+00 1.163270636239307931e+00 1.082481200531598908e+00 1.185760582680597031e+00 1.268438007602964213e+00
1.073822340824184041e+00 1.212953324582372705e+00 1.142321580982895490e+00 1.250730520274213609e+00 1.160456467294370242e+00 1.187278337694189334e+00 1.163270636239307931e+00 1.082481200531598908e+00 1.185760582680597031e+00 1.268438007602964213e+00
1.073822340824184041e+00 1.212953324582372705e+00 1.142321580982895490e+00 1.250730520274213609e+00 1.160456467294370242e+00 1.187278337694189334e+00 1.163270636239307931e+00 1.082481200531598908e+00 1.185760582680597031e+00 1.268438007602964213e+00
1.073822340824184041e+00 1.212953324582372705e+00 1.142321580982895490e+00 1.250730520274213609e+00 1.160456467294370242e+00 1.187278337694189334e+00 1.163270636239307931e+00 1.082481200531598908e+00 1.185760582680597031e+00 1.268438007602964213e+00
1.073822340824184041e+00 1.212953324582372705e+00 1.142321580982895490e+00 1.250730520274213609e+00 1.160456467294370242e+00 1.187278337694189334e+00 1.163270636239307931e+00 1.082481200531598908e+00 1.185760582680597031e+00 1.268438007602964213e+00
1.073822340824184041e+00 1.212953324582372705e+00 1.142321580982895490e+00 1.250730520274213609e+00 1.160456467294370242e+00 1.187278337694189334e+00 1.163270636239307931e+00 1.082481200531598908e+00 1.185760582680597031e+00 1.268438007602964213e+00
1.073822340824184041e+00 1.212953324582372705e+00 1.142321580982895490e+00 1.250730520274213609e+00 1.160456467294370242e+00 1.187278337694189334e+00 1.163270636239307931e+00 1.082481200531598908e+00 1.185760582680597031e+00 1.268438007602964213e+00
1.073822340824184041e+00 1.212953324582372705e+00 1.142321580982895490e+00 1.250730520274213609e+00 1.160456467294370242e+00 1.187278337694189334e+00 1.163270636239307931e+00 1.082481200531598908e+00 1.185760582680597031e+00 1.268438007602964213e+00
1.073822340824184041e+00 1.212953324582372705e+00 1.142321580982895490e+00 1.250730520274213609e+00 1.160456467294370242e+00 1.187278337694189334e+00 1.163270636239307931e+00 1.082481200531598908e+00 1.185760582680597031e+00 1.268438007602964213e+00
1.073822340824184041e+00 1.212953324582372705e+00 1.142321580982895490e+00 1.250730520274213609e+00 1.160456467294370242e+00 1.187278337694189334e+00 1.163270636239307931e+00 1.082481200531598908e+00 1.185760582680597031e+00 1.268438007602964213e+00
1.073822340824184041e+00 1.212953324582372705e+00 1.142321580982895490e+00 1.250730520274213609e+00 1.160456467294370242e+00 1.187278337694189334e+00 1.163270636239307931e+00 1.082481200531598908e+00 1.185760582680597031e+00 1.268438007602964213e+00
1.073822340824184041e+00 1.212953324582372705e+00 1.142321580982895490e+00 1.250730520274213609e+00 1.160456467294370242e+00 1.187278337694189334e+00 1.163270636239307931e+00 1.082481200531598908e+00 1.185760582680597031e+00 1.268438007602964213e+00
1.091828894294504027e+00 1.212953324582372705e+00 1.142321580982895490e+00 1.250730520274213609e+00 1.160456467294370242e+00 1.187278337694189334e+00 1.163270636239307931e+00 1.082481200531598908e+00 1.185760582680597031e+00 1.268438007602964213e+00
1.091828894294504027e+00 1.212953324582372705e+00 1.142321580982895490e+00 1.298251463097792158e+00 1.160456467294370242e+00 1.187278337694189334e+00 1.163270636239307931e+00 1.082481200531598908e+00 1.185760582680597031e+00 1.268438007602964213e+00
1.148013983218099332e+00 1.212953324582372705e+00 1.142321580982895490e+00 1.298251463097792158e+00 1.160456467294370242e+00 1.187278337694189334e+00 1.163270636239307931e+00 1.082481200531598908e+00 1.185760582680597031e+00 1.360454294136481224e+00
1.148013983218099332e+00 1.212953324582372705e+00 1.142321580982895490e+00 1.298251463097792158e+00 1.160456467294370242e+00 1.187278337694189334e+00 1.168635799693606758e+00 1.082481200531598908e+00 1.185760582680597031e+00 1.360454294136481224e+00
1.148013983218099332e+00 1.212953324582372705e+00 1.142321580982895490e+00 1.298251463097792158e+00 1.160456467294370242e+00 1.187278337694189334e+00 1.168635799693606758e+00 1.082481200531598908e+00 1.185760582680597031e+00 1.360454294136481224e+00
1.148013983218099332e+00 1.212953324582372705e+00 1.142321580982895490e+00 1.298251463097792158e+00 1.160456467294370242e+00 1.187278337694189334e+00 1.176360454502195063e+00 1.082481200531598908e+00 1.185760582680597031e+00 1.360454294136481224e+00
1.169564872966996072e+00 1.212953324582372705e+00 1.142321580982895490e+00 1.298251463097792158e+00 1.160456467294370242e+00 1.187278337694189334e+00 1.176360454502195063e+00 1.082481200531598908e+00 1.197536915421567594e+00 1.360454294136481224e+00
1.169564872966996072e+00 1.212953324582372705e+00 1.142321580982895490e+00 1.298251463097792158e+00 1.160456467294370242e+00 1.187278337694189334e+00 1.176360454502195063e+00 1.082481200531598908e+00 1.197536915421567594e+00 1.360454294136481224e+00
1.169564872966996072e+00 1.212953324582372705e+00 1.142321580982895490e+00 1.298251463097792158e+00 1.160456467294370242e+00 1.187278337694189334e+00 1.176360454502195063e+00 1.082481200531598908e+00 1.197536915421567594e+00 1.360454294136481224e+00
1.169564872966996072e+00 1.212953324582372705e+00 1.142321580982895490e+00 1.298251463097792158e+00 1.160456467294370242e+00 1.187278337694189334e+00 1.176360454502195063e+00 1.082481200531598908e+00 1.197536915421567594e+00 1.360454294136481224e+00
1.169564872966996072e+00 1.212953324582372705e+00 1.142321580982895490e+00 1.298251463097792158e+00 1.160456467294370242e+00 1.187278337694189334e+00 1.176360454502195063e+00 1.082481200531598908e+00 1.197536915421567594e+00 1.360454294136481224e+00
1.169564872966996072e+00 1.212953324582372705e+00 1.142321580982895490e+00 1.298251463097792158e+00 1.160456467294370242e+00 1.187278337694189334e+00 1.176360454502195063e+00 1.082481200531598908e+00 1.197536915421567594e+00 1.360454294136481224e+00
1.169612772520396637e+00 1.212953324582372705e+00 1.142321580982895490e+00 1.298251463097792158e+00 1.160456467294370242e+00 1.187278337694189334e+00 1.176360454502195063e+00 1.086171061166728125e+00 1.197536915421567594e+00 1.360454294136481224e+00
1.169612772520396637e+00 1.212953324582372705e+00 1.142321580982895490e+00 1.298251463097792158e+00 1.160456467294370242e+00 1.187278337694189334e+00 1.176360454502195063e+00 1.086171061166728125e+00 1.197536915421567594e+00 1.360454294136481224e+00
1.169612772520396637e+00 1.212953324582372705e+00 1.142321580982895490e+00 1.298251463097792158e+00 1.160456467294370242e+00 1.187278337694189334e+00 1.176360454502195063e+00 1.086171061166728125e+00 1.197536915421567594e+00 1.360454294136481224e+00
1.172192497121567589e+00 1.212953324582372705e+00 1.142321580982895490e+00 1.298251463097792158e+00 1.164711656112971783e+00 1.187278337694189334e+00 1.188892395918168088e+00 1.093907263435875299e+00 1.197536915421567594e+00 1.360454294136481224e+00
1.172192497121567589e+00 1.212953324582372705e+00 1.142321580982895490e+00 1.298251463097792158e+00 1.164711656112971783e+00 1.187278337694189334e+00 1.188892395918168088e+00 1.093907263435875299e+00 1.197536915421567594e+00 1.360454294136481224e+00
1.172192497121567589e+00 1.212953324582372705e+00 1.142321580982895490e+00 1.298251463097792158e+00 1.164711656112971783e+00 1.187278337694189334e+00 1.188892395918168088e+00 1.093907263435875299e+00 1.197536915421567594e+00 1.360454294136481224e+00
1.172192497121567589e+00 1.212953324582372705e+00 1.142321580982895490e+00 1.298251463097792158e+00 1.164711656112971783e+00 1.187278337694189334e+00 1.195384379929257612e+00 1.093907263435875299e+00 1.197536915421567594e+00 1.360454294136481224e+00
1.172192497121567589e+00 1.212953324582372705e+00 1.142321580982895490e+00 1.298251463097792158e+00 1.164711656112971783e+00 1.187278337694189334e+00 1.199126695091591310e+00 1.093907263435875299e+00 1.197536915421567594e+00 1.360454294136481224e+00
1.172192497121567589e+00 1.212953324582372705e+00 1.142321580982895490e+00 1.298251463097792158e+00 1.164711656112971783e+00 1.187278337694189334e+00 1.199126695091591310e+00 1.093907263435875299e+00 1.197536915421567594e+00 1.360454294136481224e+00
1.172192497121567589e+00 1.212953324582372705e+00 1.142321580982895490e+00 1.298251463097792158e+00 1.164711656112971783e+00 1.187278337694189334e+00 1.199126695091591310e+00 1.093907263435875299e+00 1.197536915421567594e+00 1.360454294136481224e+00
1.173393187512945302e+00 1.212953324582372705e+00 1.142321580982895490e+00 1.298251463097792158e+00 1.164711656112971783e+00 1.187278337694189334e+00 1.199126695091591310e+00 1.093907263435875299e+00 1.197536915421567594e+00 1.360454294136481224e+00
1.173393187512945302e+00 1.212953324582372705e+00 1.142321580982895490e+00 1.298251463097792158e+00 1.175399462553399887e+00 1.187278337694189334e+00 1.199126695091591310e+00 1.093907263435875299e+00 1.197536915421567594e+00 1.360454294136481224e+00
1.173393187512945302e+00 1.212953324582372705e+00 1.142321580982895490e+00 1.298251463097792158e+00 1.175399462553399887e+00 1.187278337694189334e+00 1.199126695091591310e+00 1.093907263435875299e+00 1.197536915421567594e+00 1.360454294136481224e+00
1.173393187512945302e+00 1.212953324582372705e+00 1.142321580982895490e+00 1.298251463097792158e+00 1.175399462553399887e+00 1.187278337694189334e+00 1.199126695091591310e+00 1.093907263435875299e+00 1.197536915421567594e+00 1.360454294136481224e+00
1.173393187512945302e+00 1.212953324582372705e+00 1.142321580982895490e+00 1.298251463097792158e+00 1.175399462553399887e+00 1.187278337694189334e+00 1.199126695091591310e+00 1.093907263435875299e+00 1.197536915421567594e+00 1.360454294136481224e+00
1.173393187512945302e+00 1.212953324582372705e+00 1.142321580982895490e+00 1.298251463097792158e+00 1.175399462553399887e+00 1.187278337694189334e+00 1.199126695091591310e+00 1.149107695151506014e+00 1.197536915421567594e+00 1.360454294136481224e+00
1.173393187512945302e+00 1.212953324582372705e+00 1.142321580982895490e+00 1.298251463097792158e+00 1.175399462553399887e+00 1.187278337694189334e+00 1.199126695091591310e+00 1.149107695151506014e+00 1.197536915421567594e+00 1.360454294136481224e+00
1.173393187512945302e+00 1.212953324582372705e+00 1.142321580982895490e+00 1.298251463097792158e+00 1.175399462553399887e+00 1.187278337694189334e+00 1.199126695091591310e+00 1.149107695151506014e+00 1.197536915421567594e+00 1.360454294136481224e+00
1.173393187512945302e+00 1.212953324582372705e+00 1.142321580982895490e+00 1.298251463097792158e+00 1.175399462553399887e+00 1.187278337694189334e+00 1.199126695091591310e+00 1.149107695151506014e+00 1.197536915421567594e+00 1.360454294136481224e+00
1.173393187512945302e+00 1.212953324582372705e+00 1.142321580982895490e+00 1.298251463097792158e+00 1.175399462553399887e+00 1.187278337694189334e+00 1.199126695091591310e+00 1.149107695151506014e+00 1.197536915421567594e+00 1.360454294136481224e+00
1.173393187512945302e+00 1.212953324582372705e+00 1.142321580982895490e+00 1.298251463097792158e+00 1.308191090267857293e+00 1.187278337694189334e+00 1.199126695091591310e+00 1.149107695151506014e+00 1.197536915421567594e+00 1.360454294136481224e+00
1.173393187512945302e+00 1.212953324582372705e+00 1.142321580982895490e+00 1.298251463097792158e+00 1.308191090267857293e+00 1.187278337694189334e+00 1.199126695091591310e+00 1.149107695151506014e+00 1.197536915421567594e+00 1.360454294136481224e+00
1.173393187512945302e+00 1.212953324582372705e+00 1.142321580982895490e+00 1.298251463097792158e+00 1.308191090267857293e+00 1.187278337694189334e+00 1.199126695091591310e+00 1.149107695151506014e+00 1.197536915421567594e+00 1.360454294136481224e+00
1.173393187512945302e+00 1.212953324582372705e+00 1.142321580982895490e+00 1.298251463097792158e+00 1.308191090267857293e+00 1.187278337694189334e+00 1.199126695091591310e+00 1.149107695151506014e+00 1.197536915421567594e+00 1.360454294136481224e+00
1.173393187512945302e+00 1.212953324582372705e+00 1.142321580982895490e+00 1.298251463097792158e+00 1.308191090267857293e+00 1.187278337694189334e+00 1.199126695091591310e+00 1.149107695151506014e+00 1.197536915421567594e+00 1.360454294136481224e+00
1.173393187512945302e+00 1.212953324582372705e+00 1.142321580982895490e+00 1.298251463097792158e+00 1.308191090267857293e+00 1.187278337694189334e+00 1.199126695091591310e+00 1.149107695151506014e+00 1.228356251995448511e+00 1.360454294136481224e+00
1.173393187512945302e+00 1.212953324582372705e+00 1.142321580982895490e+00 1.298251463097792158e+00 1.308191090267857293e+00 1.187278337694189334e+00 1.199126695091591310e+00 1.149107695151506014e+00 1.228356251995448511e+00 1.360454294136481224e+00
1.173393187512945302e+00 1.212953324582372705e+00 1.142321580982895490e+00 1.298251463097792158e+00 1.308191090267857293e+00 1.187278337694189334e+00 1.199126695091591310e+00 1.149107695151506014e+00 1.228356251995448511e+00 1.360454294136481224e+00
1.173393187512945302e+00 1.212953324582372705e+00 1.142321580982895490e+00 1.298251463097792158e+00 1.308191090267857293e+00 1.187278337694189334e+00 1.199126695091591310e+00 1.149107695151506014e+00 1.228356251995448511e+00 1.360454294136481224e+00
1.173393187512945302e+00 1.212953324582372705e+00 1.142321580982895490e+00 1.298251463097792158e+00 1.308191090267857293e+00 1.187278337694189334e+00 1.199126695091591310e+00 1.149107695151506014e+00 1.228356251995448511e+00 1.360454294136481224e+00
1.173393187512945302e+00 1.212953324582372705e+00 1.142321580982895490e+00 1.298251463097792158e+00 1.308191090267857293e+00 1.187278337694189334e+00 1.199126695091591310e+00 1.149107695151506014e+00 1.228356251995448511e+00 1.360454294136481224e+00
1.173393187512945302e+00 1.212953324582372705e+00 1.142321580982895490e+00 1.298251463097792158e+00 1.308191090267857293e+00 1.187278337694189334e+00 1.199126695091591310e+00 1.162687335377947662e+00 1.228356251995448511e+00 1.360454294136481224e+00
1.173393187512945302e+00 1.212953324582372705e+00 1.142321580982895490e+00 1.298251463097792158e+00 1.308191090267857293e+00 1.187278337694189334e+00 1.199126695091591310e+00 1.162687335377947662e+00 1.228356251995448511e+00 1.360454294136481224e+00
1.173393187512945302e+00 1.212953324582372705e+00 1.142321580982895490e+00 1.298251463097792158e+00 1.308191090267857293e+00 1.187278337694189334e+00 1.199126695091591310e+00 1.162687335377947662e+00 1.228356251995448511e+00 1.360454294136481224e+00
1.173393187512945302e+00 1.212953324582372705e+00 1.142321580982895490e+00 1.298251463097792158e+00 1.308191090267857293e+00 1.187278337694189334e+00 1.199126695091591310e+00 1.162687335377947662e+00 1.228356251995448511e+00 1.360454294136481224e+00
1.173393187512945302e+00 1.212953324582372705e+00 1.142321580982895490e+00 1.298251463097792158e+00 1.308191090267857293e+00 1.187278337694189334e+00 1.199126695091591310e+00 1.194847183769566001e+00 1.228356251995448511e+00 1.360454294136481224e+00
1.173393187512945302e+00 1.212953324582372705e+00 1.142321580982895490e+00 1.298251463097792158e+00 1.308191090267857293e+00 1.187278337694189334e+00 1.199126695091591310e+00 1.194847183769566001e+00 1.228356251995448511e+00 1.360454294136481224e+00
1.173393187512945302e+00 1.212953324582372705e+00 1.142321580982895490e+00 1.298251463097792158e+00 1.308191090267857293e+00 1.187278337694189334e+00 1.199126695091591310e+00 1.194847183769566001e+00 1.228356251995448511e+00 1.360454294136481224e+00
1.173393187512945302e+00 1.212953324582372705e+00 1.142321580982895490e+00 1.298251463097792158e+00 1.308191090267857293e+00 1.187278337694189334e+00 1.199126695091591310e+00 1.194847183769566001e+00 1.228356251995448511e+00 1.360454294136481224e+00
1.173393187512945302e+00 1.212953324582372705e+00 1.142321580982895490e+00 1.298251463097792158e+00 1.308191090267857293e+00 1.187278337694189334e+00 1.199126695091591310e+00 1.194847183769566001e+00 1.228356251995448511e+00 1.360454294136481224e+00
1.173393187512945302e+00 1.212953324582372705e+00 1.142321580982895490e+00 1.298251463097792158e+00 1.308191090267857293e+00 1.187278337694189334e+00 1.199126695091591310e+00 1.194847183769566001e+00 1.228356251995448511e+00 1.360454294136481224e+00
1.173393187512945302e+00 1.212953324582372705e+00 1.142321580982895490e+00 1.298251463097792158e+00 1.308191090267857293e+00 1.187278337694189334e+00 1.199126695091591310e+00 1.194847183769566001e+00 1.228356251995448511e+00 1.360454294136481224e+00
1.173393187512945302e+00 1.212953324582372705e+00 1.142321580982895490e+00 1.298251463097792158e+00 1.308191090267857293e+00 1.187278337694189334e+00 1.199126695091591310e+00 1.194847183769566001e+00 1.228356251995448511e+00 1.360454294136481224e+00
1.173393187512945302e+00 1.212953324582372705e+00 1.142321580982895490e+00 1.298251463097792158e+00 1.308191090267857293e+00 1.187278337694189334e+00 1.199126695091591310e+00 1.194847183769566001e+00 1.228356251995448511e+00 1.360454294136481224e+00
1.173393187512945302e+00 1.212953324582372705e+00 1.142321580982895490e+00 1.298251463097792158e+00 1.308191090267857293e+00 1.187278337694189334e+00 1.199126695091591310e+00 1.194847183769566001e+00 1.228356251995448511e+00 1.360454294136481224e+00
1.173393187512945302e+00 1.212953324582372705e+00 1.142321580982895490e+00 1.298251463097792158e+00 1.308191090267857293e+00 1.187278337694189334e+00 1.199126695091591310e+00 1.194847183769566001e+00 1.228356251995448511e+00 1.360454294136481224e+00
1.180051144849320499e+00 1.212953324582372705e+00 1.142321580982895490e+00 1.298251463097792158e+00 1.308191090267857293e+00 1.187278337694189334e+00 1.205998090126190414e+00 1.194847183769566001e+00 1.228356251995448511e+00 1.360454294136481224e+00
1.180051144849320499e+00 1.212953324582372705e+00 1.142321580982895490e+00 1.298251463097792158e+00 1.308191090267857293e+00 1.187278337694189334e+00 1.205998090126190414e+00 1.194847183769566001e+00 1.228356251995448511e+00 1.360454294136481224e+00
1.180051144849320499e+00 1.212953324582372705e+00 1.142321580982895490e+00 1.298251463097792158e+00 1.308191090267857293e+00 1.187278337694189334e+00 1.205998090126190414e+00 1.194847183769566001e+00 1.228356251995448511e+00 1.360454294136481224e+00
1.180051144849320499e+00 1.212953324582372705e+00 1.142321580982895490e+00 1.298251463097792158e+00 1.308191090267857293e+00 1.187278337694189334e+00 1.205998090126190414e+00 1.194847183769566001e+00 1.245851038957033197e+00 1.360454294136481224e+00
1.180051144849320499e+00 1.212953324582372705e+00 1.142321580982895490e+00 1.298251463097792158e+00 1.308191090267857293e+00 1.187278337694189334e+00 1.205998090126190414e+00 1.194847183769566001e+00 1.245851038957033197e+00 1.360454294136481224e+00
1.180051144849320499e+00 1.212953324582372705e+00 1.142321580982895490e+00 1.298251463097792158e+00 1.308191090267857293e+00 1.187278337694189334e+00 1.205998090126190414e+00 1.194847183769566001e+00 1.245851038957033197e+00 1.360454294136481224e+00
1.180051144849320499e+00 1.212953324582372705e+00 1.142321580982895490e+00 1.298251463097792158e+00 1.308191090267857293e+00 1.187278337694189334e+00 1.205998090126190414e+00 1.194847183769566001e+00 1.245851038957033197e+00 1.360454294136481224e+00
1.180051144849320499e+00 1.212953324582372705e+00 1.142321580982895490e+00 1.298251463097792158e+00 1.308191090267857293e+00 1.187278337694189334e+00 1.205998090126190414e+00 1.194847183769566001e+00 1.245851038957033197e+00 1.360454294136481224e+00
1.180051144849320499e+00 1.212953324582372705e+00 1.142321580982895490e+00 1.298251463097792158e+00 1.308191090267857293e+00 1.187278337694189334e+00 1.208006680548721734e+00 1.194847183769566001e+00 1.245851038957033197e+00 1.360454294136481224e+00
1.180051144849320499e+00 1.212953324582372705e+00 1.142321580982895490e+00 1.298251463097792158e+00 1.308191090267857293e+00 1.187278337694189334e+00 1.208006680548721734e+00 1.194847183769566001e+00 1.245851038957033197e+00 1.360454294136481224e+00
1.180051144849320499e+00 1.212953324582372705e+00 1.142321580982895490e+00 1.298251463097792158e+00 1.308191090267857293e+00 1.187278337694189334e+00 1.208006680548721734e+00 1.194847183769566001e+00 1.245851038957033197e+00 1.362278262134361873e+00
1.180051144849320499e+00 1.212953324582372705e+00 1.142321580982895490e+00 1.298251463097792158e+00 1.308191090267857293e+00 1.187278337694189334e+00 1.208006680548721734e+00 1.194847183769566001e+00 1.245851038957033197e+00 1.362278262134361873e+00
1.180051144849320499e+00 1.212953324582372705e+00 1.142321580982895490e+00 1.298251463097792158e+00 1.308191090267857293e+00 1.187278337694189334e+00 1.208006680548721734e+00 1.194847183769566001e+00 1.245851038957033197e+00 1.362278262134361873e+00
1.182479144811208638e+00 1.212953324582372705e+00 1.142321580982895490e+00 1.298251463097792158e+00 1.308191090267857293e+00 1.187278337694189334e+00 1.208006680548721734e+00 1.194847183769566001e+00 1.245851038957033197e+00 1.362278262134361873e+00
1.182479144811208638e+00 1.212953324582372705e+00 1.142321580982895490e+00 1.298251463097792158e+00 1.308191090267857293e+00 1.187278337694189334e+00 1.208006680548721734e+00 1.194847183769566001e+00 1.245851038957033197e+00 1.362278262134361873e+00
1.182479144811208638e+00 1.212953324582372705e+00 1.142321580982895490e+00 1.298251463097792158e+00 1.308191090267857293e+00 1.187278337694189334e+00 1.208006680548721734e+00 1.194847183769566001e+00 1.245851038957033197e+00 1.362278262134361873e+00
1.182479144811208638e+00 1.212953324582372705e+00 1.142321580982895490e+00 1.298251463097792158e+00 1.308191090267857293e+00 1.187278337694189334e+00 1.208006680548721734e+00 1.194847183769566001e+00 1.246756669189675870e+00 1.362278262134361873e+00
1.182479144811208638e+00 1.212953324582372705e+00 1.142321580982895490e+00 1.298251463097792158e+00 1.308191090267857293e+00 1.187278337694189334e+00 1.208006680548721734e+00 1.194847183769566001e+00 1.246756669189675870e+00 1.362278262134361873e+00
1.182479144811208638e+00 1.212953324582372705e+00 1.142321580982895490e+00 1.298251463097792158e+00 1.308191090267857293e+00 1.187278337694189334e+00 1.208006680548721734e+00 1.194847183769566001e+00 1.246756669189675870e+00 1.362278262134361873e+00
1.182479144811208638e+00 1.212953324582372705e+00 1.142321580982895490e+00 1.298251463097792158e+00 1.308191090267857293e+00 1.187278337694189334e+00 1.208006680548721734e+00 1.194847183769566001e+00 1.246756669189675870e+00 1.362278262134361873e+00
1.182479144811208638e+00 1.212953324582372705e+00 1.142321580982895490e+00 1.298251463097792158e+00 1.308191090267857293e+00 1.187278337694189334e+00 1.208006680548721734e+00 1.194847183769566001e+00 1.246756669189675870e+00 1.362278262134361873e+00
1.182479144811208638e+00 1.212953324582372705e+00 1.142321580982895490e+00 1.298251463097792158e+00 1.308191090267857293e+00 1.187278337694189334e+00 1.208006680548721734e+00 1.194847183769566001e+00 1.246756669189675870e+00 1.362278262134361873e+00
1.182479144811208638e+00 1.212953324582372705e+00 1.142321580982895490e+00 1.298251463097792158e+00 1.308191090267857293e+00 1.187278337694189334e+00 1.208006680548721734e+00 1.194847183769566001e+00 1.246756669189675870e+00 1.362278262134361873e+00
1.182479144811208638e+00 1.212953324582372705e+00 1.142321580982895490e+00 1.298251463097792158e+00 1.308191090267857293e+00 1.187278337694189334e+00 1.208006680548721734e+00 1.194847183769566001e+00 1.246756669189675870e+00 1.362278262134361873e+00
1.182479144811208638e+00 1.212953324582372705e+00 1.142321580982895490e+00 1.298251463097792158e+00 1.308191090267857293e+00 1.187278337694189334e+00 1.208006680548721734e+00 1.194847183769566001e+00 1.246756669189675870e+00 1.362278262134361873e+00
1.183629781765502154e+00 1.212953324582372705e+00 1.142321580982895490e+00 1.298251463097792158e+00 1.308191090267857293e+00 1.187278337694189334e+00 1.208006680548721734e+00 1.194847183769566001e+00 1.246756669189675870e+00 1.362278262134361873e+00
1.183629781765502154e+00 1.212953324582372705e+00 1.142321580982895490e+00 1.298251463097792158e+00 1.308191090267857293e+00 1.187278337694189334e+00 1.208006680548721734e+00 1.194847183769566001e+00 1.246756669189675870e+00 1.362278262134361873e+00
